[gd_scene load_steps=28 format=2]

[ext_resource path="res://Scripts/back_text.gd" type="Script" id=1]
[ext_resource path="res://Textures/grass.jpg" type="Texture2D" id=2]
[ext_resource path="res://3DModels/credits_data.obj" type="ArrayMesh" id=3]
[ext_resource path="res://Prefabs/Bush.tscn" type="PackedScene" id=5]
[ext_resource path="res://Prefabs/Tree.tscn" type="PackedScene" id=6]
[ext_resource path="res://Materials/achives_button.tres" type="Material" id=11]
[ext_resource path="res://3DModels/car.png" type="Texture2D" id=13]
[ext_resource path="res://3DModels/car.fbx" type="PackedScene" id=14]
[ext_resource path="res://3DModels/back_text.obj" type="ArrayMesh" id=15]
[ext_resource path="res://Prefabs/BigBush.tscn" type="PackedScene" id=18]
[ext_resource path="res://3DModels/Trees/trees1.fbx" type="PackedScene" id=20]
[ext_resource path="res://Sounds/dsplpain.wav" type="AudioStream" id=28]
[ext_resource path="res://3DModels/Trees/tree3Color.png" type="Texture2D" id=31]
[ext_resource path="res://3DModels/Trees/tree1COlor.png" type="Texture2D" id=35]
[ext_resource path="res://3DModels/Trees/tree2Color.png" type="Texture2D" id=36]
[ext_resource path="res://3DModels/leafs_materials.tres" type="Material" id=37]

[sub_resource type="BoxMesh" id=1]

[sub_resource type="StandardMaterial3D" id=2]
albedo_texture = ExtResource( 2 )
uv1_scale = Vector3( 45, 45, 1 )

[sub_resource type="BoxShape3D" id=26]

[sub_resource type="StandardMaterial3D" id=41]
albedo_texture = ExtResource( 35 )

[sub_resource type="StandardMaterial3D" id=42]
albedo_texture = ExtResource( 36 )

[sub_resource type="StandardMaterial3D" id=43]
albedo_texture = ExtResource( 31 )

[sub_resource type="CylinderShape3D" id=44]
height = 5.93639
radius = 1.78707

[sub_resource type="StandardMaterial3D" id=59]
albedo_texture = ExtResource( 13 )

[sub_resource type="StandardMaterial3D" id=61]
albedo_texture = ExtResource( 13 )

[sub_resource type="ConvexPolygonShape3D" id=66]
points = PackedVector3Array( 0.075, -0.05, -0.682, 0.075, -0.05, -6.35982e-05, 0.075, 0.05, -0.682, 1.57884, -0.05, -0.682, 0.075, 0.05, -6.35982e-05, 0.698955, -0.05, 0.009, 1.57884, 0.05, -0.682, 1.88791, -0.05, -0.449051, 0.698955, 0.05, 0.009, 1.25888, -0.05, 0.009, 1.88791, 0.05, -0.449051, 1.92782, -0.05, -6.35982e-05, 1.25888, 0.05, 0.009, 1.92782, 0.05, -6.35982e-05 )

[sub_resource type="StandardMaterial3D" id=67]
metallic = 1.0
roughness = 0.39

[node name="Menu" type="Node3D"]

[node name="Sounds" type="AudioStreamPlayer" parent="."]
stream = ExtResource( 28 )

[node name="Grounds" type="Marker3D" parent="."]

[node name="Ground" type="StaticBody3D" parent="Grounds"]

[node name="MeshInstance3D" type="MeshInstance3D" parent="Grounds/Ground"]
transform = Transform3D( 45, 0, 0, 0, 0.05, 0, 0, 0, 45, 0, 0, 0 )
mesh = SubResource( 1 )
skeleton = NodePath("../..")
material/0 = SubResource( 2 )

[node name="CollisionShape3D" type="CollisionShape3D" parent="Grounds/Ground"]
transform = Transform3D( 45, 0, 0, 0, 0.05, 0, 0, 0, 45, 0, 0, 0 )
shape = SubResource( 26 )

[node name="Trees" type="Marker3D" parent="."]

[node name="Tree6" parent="Trees" instance=ExtResource( 6 )]
transform = Transform3D( 0.643536, 0, -0.765416, 0, 1, 0, 0.765416, 0, 0.643536, 16.8965, 0, 38.3372 )

[node name="Tree7" parent="Trees" instance=ExtResource( 6 )]
transform = Transform3D( -0.329707, 0, -0.944083, 0, 1, 0, 0.944083, 0, -0.329707, 21.0143, 0, 29.0707 )

[node name="Tree8" parent="Trees" instance=ExtResource( 6 )]
transform = Transform3D( -0.983083, 0, -0.183162, 0, 1, 0, 0.183162, 0, -0.983083, 21.0143, 0, 17.7895 )

[node name="Tree9" parent="Trees" instance=ExtResource( 6 )]
transform = Transform3D( -0.983083, 0, -0.183162, 0, 1, 0, 0.183162, 0, -0.983083, 22.9211, 0, 5.67399 )

[node name="Tree17" parent="Trees" instance=ExtResource( 6 )]
transform = Transform3D( -0.983083, 0, -0.183162, 0, 1, 0, 0.183162, 0, -0.983083, 24.8393, 0, -2.32601 )

[node name="Tree10" parent="Trees" instance=ExtResource( 6 )]
transform = Transform3D( 0.656336, 0, -0.754469, 0, 1, 0, 0.754469, 0, 0.656336, 18.3839, 0, -5.61047 )

[node name="Tree11" parent="Trees" instance=ExtResource( 6 )]
transform = Transform3D( -0.735494, 0, -0.677531, 0, 1, 0, 0.677531, 0, -0.735494, 18.3839, 0, -15.9271 )

[node name="TreesWall10" type="StaticBody3D" parent="Trees"]
transform = Transform3D( 0.118386, 0, -0.992968, 0, 1, 0, 0.992968, 0, 0.118386, 29.1561, 0, -3.69833 )

[node name="trees1" parent="Trees/TreesWall10" instance=ExtResource( 20 )]
transform = Transform3D( 2, 0, 0, 0, 2, 0, 0, 0, 2, -1.40967, 0.0500102, 4.23575 )

[node name="tree1" parent="Trees/TreesWall10/trees1/RootNode/Null" index="0"]
transform = Transform3D( 1, 0, 0, 0, 1, 0, 0, 0, 1, -0.178064, 0.0672159, 0.83353 )
material/0 = SubResource( 41 )

[node name="branches" parent="Trees/TreesWall10/trees1/RootNode/Null/tree1" index="0"]
material/0 = ExtResource( 37 )

[node name="tree2" parent="Trees/TreesWall10/trees1/RootNode/Null" index="1"]
material/0 = SubResource( 42 )

[node name="branches_2" parent="Trees/TreesWall10/trees1/RootNode/Null/tree2" index="0"]
material/0 = ExtResource( 37 )

[node name="tree3" parent="Trees/TreesWall10/trees1/RootNode/Null" index="2"]
transform = Transform3D( 0.518665, 0, -0.854977, 0, 1, 0, 0.854977, 0, 0.518665, -2.49112, -0.0300281, -0.706934 )
material/0 = SubResource( 43 )

[node name="branches_3" parent="Trees/TreesWall10/trees1/RootNode/Null/tree3" index="0"]
material/0 = ExtResource( 37 )

[node name="CollisionShape3D" type="CollisionShape3D" parent="Trees/TreesWall10"]
transform = Transform3D( 1, 0, 0, 0, 1, 0, 0, 0, 1, 3.70342, 3.11718, 3.66145 )
shape = SubResource( 44 )

[node name="CollisionShape3" type="CollisionShape3D" parent="Trees/TreesWall10"]
transform = Transform3D( 1, 0, 0, 0, 1, 0, 0, 0, 1, -6.52759, 3.11718, 2.92619 )
shape = SubResource( 44 )

[node name="CollisionShape2" type="CollisionShape3D" parent="Trees/TreesWall10"]
transform = Transform3D( 1, 0, 0, 0, 1, 0, 0, 0, 1, -1.61495, 3.11718, 5.94649 )
shape = SubResource( 44 )

[node name="TreesWall11" type="StaticBody3D" parent="Trees"]
transform = Transform3D( 0.118386, 0, -0.992968, 0, 1, 0, 0.992968, 0, 0.118386, 29.1561, 0, 10.4148 )

[node name="trees1" parent="Trees/TreesWall11" instance=ExtResource( 20 )]
transform = Transform3D( 2, 0, 0, 0, 2, 0, 0, 0, 2, -1.40967, 0.0500102, 4.23575 )

[node name="tree1" parent="Trees/TreesWall11/trees1/RootNode/Null" index="0"]
transform = Transform3D( 1, 0, 0, 0, 1, 0, 0, 0, 1, -0.178064, 0.0672159, 0.83353 )
material/0 = SubResource( 41 )

[node name="branches" parent="Trees/TreesWall11/trees1/RootNode/Null/tree1" index="0"]
material/0 = ExtResource( 37 )

[node name="tree2" parent="Trees/TreesWall11/trees1/RootNode/Null" index="1"]
material/0 = SubResource( 42 )

[node name="branches_2" parent="Trees/TreesWall11/trees1/RootNode/Null/tree2" index="0"]
material/0 = ExtResource( 37 )

[node name="tree3" parent="Trees/TreesWall11/trees1/RootNode/Null" index="2"]
transform = Transform3D( 0.518665, 0, -0.854977, 0, 1, 0, 0.854977, 0, 0.518665, -2.49112, -0.0300281, -0.706934 )
material/0 = SubResource( 43 )

[node name="branches_3" parent="Trees/TreesWall11/trees1/RootNode/Null/tree3" index="0"]
material/0 = ExtResource( 37 )

[node name="CollisionShape3D" type="CollisionShape3D" parent="Trees/TreesWall11"]
transform = Transform3D( 1, 0, 0, 0, 1, 0, 0, 0, 1, 3.70342, 3.11718, 3.66145 )
shape = SubResource( 44 )

[node name="CollisionShape3" type="CollisionShape3D" parent="Trees/TreesWall11"]
transform = Transform3D( 1, 0, 0, 0, 1, 0, 0, 0, 1, -6.52759, 3.11718, 2.92619 )
shape = SubResource( 44 )

[node name="CollisionShape2" type="CollisionShape3D" parent="Trees/TreesWall11"]
transform = Transform3D( 1, 0, 0, 0, 1, 0, 0, 0, 1, -1.61495, 3.11718, 5.94649 )
shape = SubResource( 44 )

[node name="TreesWall77" type="StaticBody3D" parent="Trees"]
transform = Transform3D( 0.118386, 0, -0.992968, 0, 1, 0, 0.992968, 0, 0.118386, 34.034, 0, 11.7714 )

[node name="trees1" parent="Trees/TreesWall77" instance=ExtResource( 20 )]
transform = Transform3D( 2, 0, 0, 0, 2, 0, 0, 0, 2, -1.40967, 0.0500102, 4.23575 )

[node name="tree1" parent="Trees/TreesWall77/trees1/RootNode/Null" index="0"]
transform = Transform3D( 1, 0, 0, 0, 1, 0, 0, 0, 1, -0.178064, 0.0672159, 0.83353 )
material/0 = SubResource( 41 )

[node name="branches" parent="Trees/TreesWall77/trees1/RootNode/Null/tree1" index="0"]
material/0 = ExtResource( 37 )

[node name="tree2" parent="Trees/TreesWall77/trees1/RootNode/Null" index="1"]
material/0 = SubResource( 42 )

[node name="branches_2" parent="Trees/TreesWall77/trees1/RootNode/Null/tree2" index="0"]
material/0 = ExtResource( 37 )

[node name="tree3" parent="Trees/TreesWall77/trees1/RootNode/Null" index="2"]
transform = Transform3D( 0.518665, 0, -0.854977, 0, 1, 0, 0.854977, 0, 0.518665, -2.49112, -0.0300281, -0.706934 )
material/0 = SubResource( 43 )

[node name="branches_3" parent="Trees/TreesWall77/trees1/RootNode/Null/tree3" index="0"]
material/0 = ExtResource( 37 )

[node name="CollisionShape3D" type="CollisionShape3D" parent="Trees/TreesWall77"]
transform = Transform3D( 1, 0, 0, 0, 1, 0, 0, 0, 1, 3.70342, 3.11718, 3.66145 )
shape = SubResource( 44 )

[node name="CollisionShape3" type="CollisionShape3D" parent="Trees/TreesWall77"]
transform = Transform3D( 1, 0, 0, 0, 1, 0, 0, 0, 1, -6.52759, 3.11718, 2.92619 )
shape = SubResource( 44 )

[node name="CollisionShape2" type="CollisionShape3D" parent="Trees/TreesWall77"]
transform = Transform3D( 1, 0, 0, 0, 1, 0, 0, 0, 1, -1.61495, 3.11718, 5.94649 )
shape = SubResource( 44 )

[node name="TreesWall78" type="StaticBody3D" parent="Trees"]
transform = Transform3D( 0.118386, 0, -0.992968, 0, 1, 0, 0.992968, 0, 0.118386, 29.8254, 0, 3.44817 )

[node name="trees1" parent="Trees/TreesWall78" instance=ExtResource( 20 )]
transform = Transform3D( 2, 0, 0, 0, 2, 0, 0, 0, 2, -1.40967, 0.0500102, 4.23575 )

[node name="tree1" parent="Trees/TreesWall78/trees1/RootNode/Null" index="0"]
transform = Transform3D( 1, 0, 0, 0, 1, 0, 0, 0, 1, -0.178064, 0.0672159, 0.83353 )
material/0 = SubResource( 41 )

[node name="branches" parent="Trees/TreesWall78/trees1/RootNode/Null/tree1" index="0"]
material/0 = ExtResource( 37 )

[node name="tree2" parent="Trees/TreesWall78/trees1/RootNode/Null" index="1"]
material/0 = SubResource( 42 )

[node name="branches_2" parent="Trees/TreesWall78/trees1/RootNode/Null/tree2" index="0"]
material/0 = ExtResource( 37 )

[node name="tree3" parent="Trees/TreesWall78/trees1/RootNode/Null" index="2"]
transform = Transform3D( 0.518665, 0, -0.854977, 0, 1, 0, 0.854977, 0, 0.518665, -2.49112, -0.0300281, -0.706934 )
material/0 = SubResource( 43 )

[node name="branches_3" parent="Trees/TreesWall78/trees1/RootNode/Null/tree3" index="0"]
material/0 = ExtResource( 37 )

[node name="CollisionShape3D" type="CollisionShape3D" parent="Trees/TreesWall78"]
transform = Transform3D( 1, 0, 0, 0, 1, 0, 0, 0, 1, 3.70342, 3.11718, 3.66145 )
shape = SubResource( 44 )

[node name="CollisionShape3" type="CollisionShape3D" parent="Trees/TreesWall78"]
transform = Transform3D( 1, 0, 0, 0, 1, 0, 0, 0, 1, -6.52759, 3.11718, 2.92619 )
shape = SubResource( 44 )

[node name="CollisionShape2" type="CollisionShape3D" parent="Trees/TreesWall78"]
transform = Transform3D( 1, 0, 0, 0, 1, 0, 0, 0, 1, -1.61495, 3.11718, 5.94649 )
shape = SubResource( 44 )

[node name="TreesWall79" type="StaticBody3D" parent="Trees"]
transform = Transform3D( 0.118386, 0, -0.992968, 0, 1, 0, 0.992968, 0, 0.118386, 28.4959, 0, -7.55183 )

[node name="trees1" parent="Trees/TreesWall79" instance=ExtResource( 20 )]
transform = Transform3D( 2, 0, 0, 0, 2, 0, 0, 0, 2, -1.40967, 0.0500102, 4.23575 )

[node name="tree1" parent="Trees/TreesWall79/trees1/RootNode/Null" index="0"]
transform = Transform3D( 1, 0, 0, 0, 1, 0, 0, 0, 1, -0.178064, 0.0672159, 0.83353 )
material/0 = SubResource( 41 )

[node name="branches" parent="Trees/TreesWall79/trees1/RootNode/Null/tree1" index="0"]
material/0 = ExtResource( 37 )

[node name="tree2" parent="Trees/TreesWall79/trees1/RootNode/Null" index="1"]
material/0 = SubResource( 42 )

[node name="branches_2" parent="Trees/TreesWall79/trees1/RootNode/Null/tree2" index="0"]
material/0 = ExtResource( 37 )

[node name="tree3" parent="Trees/TreesWall79/trees1/RootNode/Null" index="2"]
transform = Transform3D( 0.518665, 0, -0.854977, 0, 1, 0, 0.854977, 0, 0.518665, -2.49112, -0.0300281, -0.706934 )
material/0 = SubResource( 43 )

[node name="branches_3" parent="Trees/TreesWall79/trees1/RootNode/Null/tree3" index="0"]
material/0 = ExtResource( 37 )

[node name="CollisionShape3D" type="CollisionShape3D" parent="Trees/TreesWall79"]
transform = Transform3D( 1, 0, 0, 0, 1, 0, 0, 0, 1, 3.70342, 3.11718, 3.66145 )
shape = SubResource( 44 )

[node name="CollisionShape3" type="CollisionShape3D" parent="Trees/TreesWall79"]
transform = Transform3D( 1, 0, 0, 0, 1, 0, 0, 0, 1, -6.52759, 3.11718, 2.92619 )
shape = SubResource( 44 )

[node name="CollisionShape2" type="CollisionShape3D" parent="Trees/TreesWall79"]
transform = Transform3D( 1, 0, 0, 0, 1, 0, 0, 0, 1, -1.61495, 3.11718, 5.94649 )
shape = SubResource( 44 )

[node name="TreesWall80" type="StaticBody3D" parent="Trees"]
transform = Transform3D( 0.118386, 0, -0.992968, 0, 1, 0, 0.992968, 0, 0.118386, 28.4959, 0, -10.6513 )

[node name="trees1" parent="Trees/TreesWall80" instance=ExtResource( 20 )]
transform = Transform3D( 2, 0, 0, 0, 2, 0, 0, 0, 2, -1.40967, 0.0500102, 4.23575 )

[node name="tree1" parent="Trees/TreesWall80/trees1/RootNode/Null" index="0"]
transform = Transform3D( 1, 0, 0, 0, 1, 0, 0, 0, 1, -0.178064, 0.0672159, 0.83353 )
material/0 = SubResource( 41 )

[node name="branches" parent="Trees/TreesWall80/trees1/RootNode/Null/tree1" index="0"]
material/0 = ExtResource( 37 )

[node name="tree2" parent="Trees/TreesWall80/trees1/RootNode/Null" index="1"]
material/0 = SubResource( 42 )

[node name="branches_2" parent="Trees/TreesWall80/trees1/RootNode/Null/tree2" index="0"]
material/0 = ExtResource( 37 )

[node name="tree3" parent="Trees/TreesWall80/trees1/RootNode/Null" index="2"]
transform = Transform3D( 0.518665, 0, -0.854977, 0, 1, 0, 0.854977, 0, 0.518665, -2.49112, -0.0300281, -0.706934 )
material/0 = SubResource( 43 )

[node name="branches_3" parent="Trees/TreesWall80/trees1/RootNode/Null/tree3" index="0"]
material/0 = ExtResource( 37 )

[node name="CollisionShape3D" type="CollisionShape3D" parent="Trees/TreesWall80"]
transform = Transform3D( 1, 0, 0, 0, 1, 0, 0, 0, 1, 3.70342, 3.11718, 3.66145 )
shape = SubResource( 44 )

[node name="CollisionShape3" type="CollisionShape3D" parent="Trees/TreesWall80"]
transform = Transform3D( 1, 0, 0, 0, 1, 0, 0, 0, 1, -6.52759, 3.11718, 2.92619 )
shape = SubResource( 44 )

[node name="CollisionShape2" type="CollisionShape3D" parent="Trees/TreesWall80"]
transform = Transform3D( 1, 0, 0, 0, 1, 0, 0, 0, 1, -1.61495, 3.11718, 5.94649 )
shape = SubResource( 44 )

[node name="TreesWall12" type="StaticBody3D" parent="Trees"]
transform = Transform3D( 0.118386, 0, -0.992968, 0, 1, 0, 0.992968, 0, 0.118386, 33.1092, 0, 25.4366 )

[node name="trees1" parent="Trees/TreesWall12" instance=ExtResource( 20 )]
transform = Transform3D( 2, 0, 0, 0, 2, 0, 0, 0, 2, -1.40967, 0.0500102, 4.23575 )

[node name="tree1" parent="Trees/TreesWall12/trees1/RootNode/Null" index="0"]
transform = Transform3D( 1, 0, 0, 0, 1, 0, 0, 0, 1, -0.178064, 0.0672159, 0.83353 )
material/0 = SubResource( 41 )

[node name="branches" parent="Trees/TreesWall12/trees1/RootNode/Null/tree1" index="0"]
material/0 = ExtResource( 37 )

[node name="tree2" parent="Trees/TreesWall12/trees1/RootNode/Null" index="1"]
material/0 = SubResource( 42 )

[node name="branches_2" parent="Trees/TreesWall12/trees1/RootNode/Null/tree2" index="0"]
material/0 = ExtResource( 37 )

[node name="tree3" parent="Trees/TreesWall12/trees1/RootNode/Null" index="2"]
transform = Transform3D( 0.518665, 0, -0.854977, 0, 1, 0, 0.854977, 0, 0.518665, -2.49112, -0.0300281, -0.706934 )
material/0 = SubResource( 43 )

[node name="branches_3" parent="Trees/TreesWall12/trees1/RootNode/Null/tree3" index="0"]
material/0 = ExtResource( 37 )

[node name="CollisionShape3D" type="CollisionShape3D" parent="Trees/TreesWall12"]
transform = Transform3D( 1, 0, 0, 0, 1, 0, 0, 0, 1, 3.70342, 3.11718, 3.66145 )
shape = SubResource( 44 )

[node name="CollisionShape3" type="CollisionShape3D" parent="Trees/TreesWall12"]
transform = Transform3D( 1, 0, 0, 0, 1, 0, 0, 0, 1, -6.52759, 3.11718, 2.92619 )
shape = SubResource( 44 )

[node name="CollisionShape2" type="CollisionShape3D" parent="Trees/TreesWall12"]
transform = Transform3D( 1, 0, 0, 0, 1, 0, 0, 0, 1, -1.61495, 3.11718, 5.94649 )
shape = SubResource( 44 )

[node name="TreesWall13" type="StaticBody3D" parent="Trees"]
transform = Transform3D( 0.118386, 0, -0.992968, 0, 1, 0, 0.992968, 0, 0.118386, 29.5057, 0, 38.4366 )

[node name="trees1" parent="Trees/TreesWall13" instance=ExtResource( 20 )]
transform = Transform3D( 2, 0, 0, 0, 2, 0, 0, 0, 2, -1.40967, 0.0500102, 4.23575 )

[node name="tree1" parent="Trees/TreesWall13/trees1/RootNode/Null" index="0"]
transform = Transform3D( 1, 0, 0, 0, 1, 0, 0, 0, 1, -0.178064, 0.0672159, 0.83353 )
material/0 = SubResource( 41 )

[node name="branches" parent="Trees/TreesWall13/trees1/RootNode/Null/tree1" index="0"]
material/0 = ExtResource( 37 )

[node name="tree2" parent="Trees/TreesWall13/trees1/RootNode/Null" index="1"]
material/0 = SubResource( 42 )

[node name="branches_2" parent="Trees/TreesWall13/trees1/RootNode/Null/tree2" index="0"]
material/0 = ExtResource( 37 )

[node name="tree3" parent="Trees/TreesWall13/trees1/RootNode/Null" index="2"]
transform = Transform3D( 0.518665, 0, -0.854977, 0, 1, 0, 0.854977, 0, 0.518665, -2.49112, -0.0300281, -0.706934 )
material/0 = SubResource( 43 )

[node name="branches_3" parent="Trees/TreesWall13/trees1/RootNode/Null/tree3" index="0"]
material/0 = ExtResource( 37 )

[node name="CollisionShape3D" type="CollisionShape3D" parent="Trees/TreesWall13"]
transform = Transform3D( 1, 0, 0, 0, 1, 0, 0, 0, 1, 3.70342, 3.11718, 3.66145 )
shape = SubResource( 44 )

[node name="CollisionShape3" type="CollisionShape3D" parent="Trees/TreesWall13"]
transform = Transform3D( 1, 0, 0, 0, 1, 0, 0, 0, 1, -6.52759, 3.11718, 2.92619 )
shape = SubResource( 44 )

[node name="CollisionShape2" type="CollisionShape3D" parent="Trees/TreesWall13"]
transform = Transform3D( 1, 0, 0, 0, 1, 0, 0, 0, 1, -1.61495, 3.11718, 5.94649 )
shape = SubResource( 44 )

[node name="TreesWall16" type="StaticBody3D" parent="Trees"]
transform = Transform3D( -0.852394, 0, -0.5229, 0, 1, 0, 0.5229, 0, -0.852394, 34.8514, 0, 39.8089 )

[node name="trees1" parent="Trees/TreesWall16" instance=ExtResource( 20 )]
transform = Transform3D( 2, 0, 0, 0, 2, 0, 0, 0, 2, -1.40967, 0.0500102, 4.23575 )

[node name="tree1" parent="Trees/TreesWall16/trees1/RootNode/Null" index="0"]
transform = Transform3D( 1, 0, 0, 0, 1, 0, 0, 0, 1, -0.178064, 0.0672159, 0.83353 )
material/0 = SubResource( 41 )

[node name="branches" parent="Trees/TreesWall16/trees1/RootNode/Null/tree1" index="0"]
material/0 = ExtResource( 37 )

[node name="tree2" parent="Trees/TreesWall16/trees1/RootNode/Null" index="1"]
material/0 = SubResource( 42 )

[node name="branches_2" parent="Trees/TreesWall16/trees1/RootNode/Null/tree2" index="0"]
material/0 = ExtResource( 37 )

[node name="tree3" parent="Trees/TreesWall16/trees1/RootNode/Null" index="2"]
transform = Transform3D( 0.518665, 0, -0.854977, 0, 1, 0, 0.854977, 0, 0.518665, -2.49112, -0.0300281, -0.706934 )
material/0 = SubResource( 43 )

[node name="branches_3" parent="Trees/TreesWall16/trees1/RootNode/Null/tree3" index="0"]
material/0 = ExtResource( 37 )

[node name="CollisionShape3D" type="CollisionShape3D" parent="Trees/TreesWall16"]
transform = Transform3D( 1, 0, 0, 0, 1, 0, 0, 0, 1, 3.70342, 3.11718, 3.66145 )
shape = SubResource( 44 )

[node name="CollisionShape3" type="CollisionShape3D" parent="Trees/TreesWall16"]
transform = Transform3D( 1, 0, 0, 0, 1, 0, 0, 0, 1, -6.52759, 3.11718, 2.92619 )
shape = SubResource( 44 )

[node name="CollisionShape2" type="CollisionShape3D" parent="Trees/TreesWall16"]
transform = Transform3D( 1, 0, 0, 0, 1, 0, 0, 0, 1, -1.61495, 3.11718, 5.94649 )
shape = SubResource( 44 )

[node name="TreesWall17" type="StaticBody3D" parent="Trees"]
transform = Transform3D( -0.0464092, 0, -0.998923, 0, 1, 0, 0.998923, 0, -0.0464092, 37.5616, 0, 22.3699 )

[node name="trees1" parent="Trees/TreesWall17" instance=ExtResource( 20 )]
transform = Transform3D( 2, 0, 0, 0, 2, 0, 0, 0, 2, -1.40967, 0.0500102, 4.23575 )

[node name="tree1" parent="Trees/TreesWall17/trees1/RootNode/Null" index="0"]
transform = Transform3D( 1, 0, 0, 0, 1, 0, 0, 0, 1, -0.178064, 0.0672159, 0.83353 )
material/0 = SubResource( 41 )

[node name="branches" parent="Trees/TreesWall17/trees1/RootNode/Null/tree1" index="0"]
material/0 = ExtResource( 37 )

[node name="tree2" parent="Trees/TreesWall17/trees1/RootNode/Null" index="1"]
material/0 = SubResource( 42 )

[node name="branches_2" parent="Trees/TreesWall17/trees1/RootNode/Null/tree2" index="0"]
material/0 = ExtResource( 37 )

[node name="tree3" parent="Trees/TreesWall17/trees1/RootNode/Null" index="2"]
transform = Transform3D( 0.518665, 0, -0.854977, 0, 1, 0, 0.854977, 0, 0.518665, -2.49112, -0.0300281, -0.706934 )
material/0 = SubResource( 43 )

[node name="branches_3" parent="Trees/TreesWall17/trees1/RootNode/Null/tree3" index="0"]
material/0 = ExtResource( 37 )

[node name="CollisionShape3D" type="CollisionShape3D" parent="Trees/TreesWall17"]
transform = Transform3D( 1, 0, 0, 0, 1, 0, 0, 0, 1, 3.70342, 3.11718, 3.66145 )
shape = SubResource( 44 )

[node name="CollisionShape3" type="CollisionShape3D" parent="Trees/TreesWall17"]
transform = Transform3D( 1, 0, 0, 0, 1, 0, 0, 0, 1, -6.52759, 3.11718, 2.92619 )
shape = SubResource( 44 )

[node name="CollisionShape2" type="CollisionShape3D" parent="Trees/TreesWall17"]
transform = Transform3D( 1, 0, 0, 0, 1, 0, 0, 0, 1, -1.61495, 3.11718, 5.94649 )
shape = SubResource( 44 )

[node name="TreesWall18" type="StaticBody3D" parent="Trees"]
transform = Transform3D( -0.0464092, 0, -0.998923, 0, 1, 0, 0.998923, 0, -0.0464092, 35.1414, 0, 8.31273 )

[node name="trees1" parent="Trees/TreesWall18" instance=ExtResource( 20 )]
transform = Transform3D( 2, 0, 0, 0, 2, 0, 0, 0, 2, -1.40967, 0.0500102, 4.23575 )

[node name="tree1" parent="Trees/TreesWall18/trees1/RootNode/Null" index="0"]
transform = Transform3D( 1, 0, 0, 0, 1, 0, 0, 0, 1, -0.178064, 0.0672159, 0.83353 )
material/0 = SubResource( 41 )

[node name="branches" parent="Trees/TreesWall18/trees1/RootNode/Null/tree1" index="0"]
material/0 = ExtResource( 37 )

[node name="tree2" parent="Trees/TreesWall18/trees1/RootNode/Null" index="1"]
material/0 = SubResource( 42 )

[node name="branches_2" parent="Trees/TreesWall18/trees1/RootNode/Null/tree2" index="0"]
material/0 = ExtResource( 37 )

[node name="tree3" parent="Trees/TreesWall18/trees1/RootNode/Null" index="2"]
transform = Transform3D( 0.518665, 0, -0.854977, 0, 1, 0, 0.854977, 0, 0.518665, -2.49112, -0.0300281, -0.706934 )
material/0 = SubResource( 43 )

[node name="branches_3" parent="Trees/TreesWall18/trees1/RootNode/Null/tree3" index="0"]
material/0 = ExtResource( 37 )

[node name="CollisionShape3D" type="CollisionShape3D" parent="Trees/TreesWall18"]
transform = Transform3D( 1, 0, 0, 0, 1, 0, 0, 0, 1, 3.70342, 3.11718, 3.66145 )
shape = SubResource( 44 )

[node name="CollisionShape3" type="CollisionShape3D" parent="Trees/TreesWall18"]
transform = Transform3D( 1, 0, 0, 0, 1, 0, 0, 0, 1, -6.52759, 3.11718, 2.92619 )
shape = SubResource( 44 )

[node name="CollisionShape2" type="CollisionShape3D" parent="Trees/TreesWall18"]
transform = Transform3D( 1, 0, 0, 0, 1, 0, 0, 0, 1, -1.61495, 3.11718, 5.94649 )
shape = SubResource( 44 )

[node name="TreesWall19" type="StaticBody3D" parent="Trees"]
transform = Transform3D( -0.381135, 0, -0.924519, 0, 1, 0, 0.924519, 0, -0.381135, 34.0527, 0, -7.15721 )

[node name="trees1" parent="Trees/TreesWall19" instance=ExtResource( 20 )]
transform = Transform3D( 2, 0, 0, 0, 2, 0, 0, 0, 2, -1.40967, 0.0500102, 4.23575 )

[node name="tree1" parent="Trees/TreesWall19/trees1/RootNode/Null" index="0"]
transform = Transform3D( 1, 0, 0, 0, 1, 0, 0, 0, 1, -0.178064, 0.0672159, 0.83353 )
material/0 = SubResource( 41 )

[node name="branches" parent="Trees/TreesWall19/trees1/RootNode/Null/tree1" index="0"]
material/0 = ExtResource( 37 )

[node name="tree2" parent="Trees/TreesWall19/trees1/RootNode/Null" index="1"]
material/0 = SubResource( 42 )

[node name="branches_2" parent="Trees/TreesWall19/trees1/RootNode/Null/tree2" index="0"]
material/0 = ExtResource( 37 )

[node name="tree3" parent="Trees/TreesWall19/trees1/RootNode/Null" index="2"]
transform = Transform3D( 0.518665, 0, -0.854977, 0, 1, 0, 0.854977, 0, 0.518665, -2.49112, -0.0300281, -0.706934 )
material/0 = SubResource( 43 )

[node name="branches_3" parent="Trees/TreesWall19/trees1/RootNode/Null/tree3" index="0"]
material/0 = ExtResource( 37 )

[node name="CollisionShape3D" type="CollisionShape3D" parent="Trees/TreesWall19"]
transform = Transform3D( 1, 0, 0, 0, 1, 0, 0, 0, 1, 3.70342, 3.11718, 3.66145 )
shape = SubResource( 44 )

[node name="CollisionShape3" type="CollisionShape3D" parent="Trees/TreesWall19"]
transform = Transform3D( 1, 0, 0, 0, 1, 0, 0, 0, 1, -6.52759, 3.11718, 2.92619 )
shape = SubResource( 44 )

[node name="CollisionShape2" type="CollisionShape3D" parent="Trees/TreesWall19"]
transform = Transform3D( 1, 0, 0, 0, 1, 0, 0, 0, 1, -1.61495, 3.11718, 5.94649 )
shape = SubResource( 44 )

[node name="TreesWall44" type="StaticBody3D" parent="Trees"]
transform = Transform3D( 0.388465, 0, -0.921464, 0, 1, 0, 0.921464, 0, 0.388465, 44.3389, 0, -36.1127 )

[node name="trees1" parent="Trees/TreesWall44" instance=ExtResource( 20 )]
transform = Transform3D( 2, 0, 0, 0, 2, 0, 0, 0, 2, -1.40967, 0.0500102, 4.23575 )

[node name="tree1" parent="Trees/TreesWall44/trees1/RootNode/Null" index="0"]
transform = Transform3D( 1, 0, 0, 0, 1, 0, 0, 0, 1, -0.178064, 0.0672159, 0.83353 )
material/0 = SubResource( 41 )

[node name="branches" parent="Trees/TreesWall44/trees1/RootNode/Null/tree1" index="0"]
material/0 = ExtResource( 37 )

[node name="tree2" parent="Trees/TreesWall44/trees1/RootNode/Null" index="1"]
material/0 = SubResource( 42 )

[node name="branches_2" parent="Trees/TreesWall44/trees1/RootNode/Null/tree2" index="0"]
material/0 = ExtResource( 37 )

[node name="tree3" parent="Trees/TreesWall44/trees1/RootNode/Null" index="2"]
transform = Transform3D( 0.518665, 0, -0.854977, 0, 1, 0, 0.854977, 0, 0.518665, -2.49112, -0.0300281, -0.706934 )
material/0 = SubResource( 43 )

[node name="branches_3" parent="Trees/TreesWall44/trees1/RootNode/Null/tree3" index="0"]
material/0 = ExtResource( 37 )

[node name="CollisionShape3D" type="CollisionShape3D" parent="Trees/TreesWall44"]
transform = Transform3D( 1, 0, 0, 0, 1, 0, 0, 0, 1, 3.70342, 3.11718, 3.66145 )
shape = SubResource( 44 )

[node name="CollisionShape3" type="CollisionShape3D" parent="Trees/TreesWall44"]
transform = Transform3D( 1, 0, 0, 0, 1, 0, 0, 0, 1, -6.52759, 3.11718, 2.92619 )
shape = SubResource( 44 )

[node name="CollisionShape2" type="CollisionShape3D" parent="Trees/TreesWall44"]
transform = Transform3D( 1, 0, 0, 0, 1, 0, 0, 0, 1, -1.61495, 3.11718, 5.94649 )
shape = SubResource( 44 )

[node name="TreesWall45" type="StaticBody3D" parent="Trees"]
transform = Transform3D( 0.388465, 0, -0.921464, 0, 1, 0, 0.921464, 0, 0.388465, 44.3389, 0, -25.1127 )

[node name="trees1" parent="Trees/TreesWall45" instance=ExtResource( 20 )]
transform = Transform3D( 2, 0, 0, 0, 2, 0, 0, 0, 2, -1.40967, 0.0500102, 4.23575 )

[node name="tree1" parent="Trees/TreesWall45/trees1/RootNode/Null" index="0"]
transform = Transform3D( 1, 0, 0, 0, 1, 0, 0, 0, 1, -0.178064, 0.0672159, 0.83353 )
material/0 = SubResource( 41 )

[node name="branches" parent="Trees/TreesWall45/trees1/RootNode/Null/tree1" index="0"]
material/0 = ExtResource( 37 )

[node name="tree2" parent="Trees/TreesWall45/trees1/RootNode/Null" index="1"]
material/0 = SubResource( 42 )

[node name="branches_2" parent="Trees/TreesWall45/trees1/RootNode/Null/tree2" index="0"]
material/0 = ExtResource( 37 )

[node name="tree3" parent="Trees/TreesWall45/trees1/RootNode/Null" index="2"]
transform = Transform3D( 0.518665, 0, -0.854977, 0, 1, 0, 0.854977, 0, 0.518665, -2.49112, -0.0300281, -0.706934 )
material/0 = SubResource( 43 )

[node name="branches_3" parent="Trees/TreesWall45/trees1/RootNode/Null/tree3" index="0"]
material/0 = ExtResource( 37 )

[node name="CollisionShape3D" type="CollisionShape3D" parent="Trees/TreesWall45"]
transform = Transform3D( 1, 0, 0, 0, 1, 0, 0, 0, 1, 3.70342, 3.11718, 3.66145 )
shape = SubResource( 44 )

[node name="CollisionShape3" type="CollisionShape3D" parent="Trees/TreesWall45"]
transform = Transform3D( 1, 0, 0, 0, 1, 0, 0, 0, 1, -6.52759, 3.11718, 2.92619 )
shape = SubResource( 44 )

[node name="CollisionShape2" type="CollisionShape3D" parent="Trees/TreesWall45"]
transform = Transform3D( 1, 0, 0, 0, 1, 0, 0, 0, 1, -1.61495, 3.11718, 5.94649 )
shape = SubResource( 44 )

[node name="TreesWall46" type="StaticBody3D" parent="Trees"]
transform = Transform3D( -0.0332077, 0, -0.999449, 0, 1, 0, 0.999449, 0, -0.0332077, 43.8365, 0, -10.8023 )

[node name="trees1" parent="Trees/TreesWall46" instance=ExtResource( 20 )]
transform = Transform3D( 2, 0, 0, 0, 2, 0, 0, 0, 2, -1.40967, 0.0500102, 4.23575 )

[node name="tree1" parent="Trees/TreesWall46/trees1/RootNode/Null" index="0"]
transform = Transform3D( 1, 0, 0, 0, 1, 0, 0, 0, 1, -0.178064, 0.0672159, 0.83353 )
material/0 = SubResource( 41 )

[node name="branches" parent="Trees/TreesWall46/trees1/RootNode/Null/tree1" index="0"]
material/0 = ExtResource( 37 )

[node name="tree2" parent="Trees/TreesWall46/trees1/RootNode/Null" index="1"]
material/0 = SubResource( 42 )

[node name="branches_2" parent="Trees/TreesWall46/trees1/RootNode/Null/tree2" index="0"]
material/0 = ExtResource( 37 )

[node name="tree3" parent="Trees/TreesWall46/trees1/RootNode/Null" index="2"]
transform = Transform3D( 0.518665, 0, -0.854977, 0, 1, 0, 0.854977, 0, 0.518665, -2.49112, -0.0300281, -0.706934 )
material/0 = SubResource( 43 )

[node name="branches_3" parent="Trees/TreesWall46/trees1/RootNode/Null/tree3" index="0"]
material/0 = ExtResource( 37 )

[node name="CollisionShape3D" type="CollisionShape3D" parent="Trees/TreesWall46"]
transform = Transform3D( 1, 0, 0, 0, 1, 0, 0, 0, 1, 3.70342, 3.11718, 3.66145 )
shape = SubResource( 44 )

[node name="CollisionShape3" type="CollisionShape3D" parent="Trees/TreesWall46"]
transform = Transform3D( 1, 0, 0, 0, 1, 0, 0, 0, 1, -6.52759, 3.11718, 2.92619 )
shape = SubResource( 44 )

[node name="CollisionShape2" type="CollisionShape3D" parent="Trees/TreesWall46"]
transform = Transform3D( 1, 0, 0, 0, 1, 0, 0, 0, 1, -1.61495, 3.11718, 5.94649 )
shape = SubResource( 44 )

[node name="TreesWall47" type="StaticBody3D" parent="Trees"]
transform = Transform3D( -0.0332077, 0, -0.999449, 0, 1, 0, 0.999449, 0, -0.0332077, 37.1119, 0, -6.20888 )

[node name="trees1" parent="Trees/TreesWall47" instance=ExtResource( 20 )]
transform = Transform3D( 2, 0, 0, 0, 2, 0, 0, 0, 2, -1.40967, 0.0500102, 4.23575 )

[node name="tree1" parent="Trees/TreesWall47/trees1/RootNode/Null" index="0"]
transform = Transform3D( 1, 0, 0, 0, 1, 0, 0, 0, 1, -0.178064, 0.0672159, 0.83353 )
material/0 = SubResource( 41 )

[node name="branches" parent="Trees/TreesWall47/trees1/RootNode/Null/tree1" index="0"]
material/0 = ExtResource( 37 )

[node name="tree2" parent="Trees/TreesWall47/trees1/RootNode/Null" index="1"]
material/0 = SubResource( 42 )

[node name="branches_2" parent="Trees/TreesWall47/trees1/RootNode/Null/tree2" index="0"]
material/0 = ExtResource( 37 )

[node name="tree3" parent="Trees/TreesWall47/trees1/RootNode/Null" index="2"]
transform = Transform3D( 0.518665, 0, -0.854977, 0, 1, 0, 0.854977, 0, 0.518665, -2.49112, -0.0300281, -0.706934 )
material/0 = SubResource( 43 )

[node name="branches_3" parent="Trees/TreesWall47/trees1/RootNode/Null/tree3" index="0"]
material/0 = ExtResource( 37 )

[node name="CollisionShape3D" type="CollisionShape3D" parent="Trees/TreesWall47"]
transform = Transform3D( 1, 0, 0, 0, 1, 0, 0, 0, 1, 3.70342, 3.11718, 3.66145 )
shape = SubResource( 44 )

[node name="CollisionShape3" type="CollisionShape3D" parent="Trees/TreesWall47"]
transform = Transform3D( 1, 0, 0, 0, 1, 0, 0, 0, 1, -6.52759, 3.11718, 2.92619 )
shape = SubResource( 44 )

[node name="CollisionShape2" type="CollisionShape3D" parent="Trees/TreesWall47"]
transform = Transform3D( 1, 0, 0, 0, 1, 0, 0, 0, 1, -1.61495, 3.11718, 5.94649 )
shape = SubResource( 44 )

[node name="TreesWall48" type="StaticBody3D" parent="Trees"]
transform = Transform3D( 0.209806, 0, -0.977743, 0, 1, 0, 0.977743, 0, 0.209806, 37.1119, 0, 9.79112 )

[node name="trees1" parent="Trees/TreesWall48" instance=ExtResource( 20 )]
transform = Transform3D( 2, 0, 0, 0, 2, 0, 0, 0, 2, -1.40967, 0.0500102, 4.23575 )

[node name="tree1" parent="Trees/TreesWall48/trees1/RootNode/Null" index="0"]
transform = Transform3D( 1, 0, 0, 0, 1, 0, 0, 0, 1, -0.178064, 0.0672159, 0.83353 )
material/0 = SubResource( 41 )

[node name="branches" parent="Trees/TreesWall48/trees1/RootNode/Null/tree1" index="0"]
material/0 = ExtResource( 37 )

[node name="tree2" parent="Trees/TreesWall48/trees1/RootNode/Null" index="1"]
material/0 = SubResource( 42 )

[node name="branches_2" parent="Trees/TreesWall48/trees1/RootNode/Null/tree2" index="0"]
material/0 = ExtResource( 37 )

[node name="tree3" parent="Trees/TreesWall48/trees1/RootNode/Null" index="2"]
transform = Transform3D( 0.518665, 0, -0.854977, 0, 1, 0, 0.854977, 0, 0.518665, -2.49112, -0.0300281, -0.706934 )
material/0 = SubResource( 43 )

[node name="branches_3" parent="Trees/TreesWall48/trees1/RootNode/Null/tree3" index="0"]
material/0 = ExtResource( 37 )

[node name="CollisionShape3D" type="CollisionShape3D" parent="Trees/TreesWall48"]
transform = Transform3D( 1, 0, 0, 0, 1, 0, 0, 0, 1, 3.70342, 3.11718, 3.66145 )
shape = SubResource( 44 )

[node name="CollisionShape3" type="CollisionShape3D" parent="Trees/TreesWall48"]
transform = Transform3D( 1, 0, 0, 0, 1, 0, 0, 0, 1, -6.52759, 3.11718, 2.92619 )
shape = SubResource( 44 )

[node name="CollisionShape2" type="CollisionShape3D" parent="Trees/TreesWall48"]
transform = Transform3D( 1, 0, 0, 0, 1, 0, 0, 0, 1, -1.61495, 3.11718, 5.94649 )
shape = SubResource( 44 )

[node name="TreesWall49" type="StaticBody3D" parent="Trees"]
transform = Transform3D( 0.209806, 0, -0.977743, 0, 1, 0, 0.977743, 0, 0.209806, 41.7714, 0, 9.79112 )

[node name="trees1" parent="Trees/TreesWall49" instance=ExtResource( 20 )]
transform = Transform3D( 2, 0, 0, 0, 2, 0, 0, 0, 2, -1.40967, 0.0500102, 4.23575 )

[node name="tree1" parent="Trees/TreesWall49/trees1/RootNode/Null" index="0"]
transform = Transform3D( 1, 0, 0, 0, 1, 0, 0, 0, 1, -0.178064, 0.0672159, 0.83353 )
material/0 = SubResource( 41 )

[node name="branches" parent="Trees/TreesWall49/trees1/RootNode/Null/tree1" index="0"]
material/0 = ExtResource( 37 )

[node name="tree2" parent="Trees/TreesWall49/trees1/RootNode/Null" index="1"]
material/0 = SubResource( 42 )

[node name="branches_2" parent="Trees/TreesWall49/trees1/RootNode/Null/tree2" index="0"]
material/0 = ExtResource( 37 )

[node name="tree3" parent="Trees/TreesWall49/trees1/RootNode/Null" index="2"]
transform = Transform3D( 0.518665, 0, -0.854977, 0, 1, 0, 0.854977, 0, 0.518665, -2.49112, -0.0300281, -0.706934 )
material/0 = SubResource( 43 )

[node name="branches_3" parent="Trees/TreesWall49/trees1/RootNode/Null/tree3" index="0"]
material/0 = ExtResource( 37 )

[node name="CollisionShape3D" type="CollisionShape3D" parent="Trees/TreesWall49"]
transform = Transform3D( 1, 0, 0, 0, 1, 0, 0, 0, 1, 3.70342, 3.11718, 3.66145 )
shape = SubResource( 44 )

[node name="CollisionShape3" type="CollisionShape3D" parent="Trees/TreesWall49"]
transform = Transform3D( 1, 0, 0, 0, 1, 0, 0, 0, 1, -6.52759, 3.11718, 2.92619 )
shape = SubResource( 44 )

[node name="CollisionShape2" type="CollisionShape3D" parent="Trees/TreesWall49"]
transform = Transform3D( 1, 0, 0, 0, 1, 0, 0, 0, 1, -1.61495, 3.11718, 5.94649 )
shape = SubResource( 44 )

[node name="TreesWall50" type="StaticBody3D" parent="Trees"]
transform = Transform3D( 0.209806, 0, -0.977743, 0, 1, 0, 0.977743, 0, 0.209806, 43.2021, 0, 1.79112 )

[node name="trees1" parent="Trees/TreesWall50" instance=ExtResource( 20 )]
transform = Transform3D( 2, 0, 0, 0, 2, 0, 0, 0, 2, -1.40967, 0.0500102, 4.23575 )

[node name="tree1" parent="Trees/TreesWall50/trees1/RootNode/Null" index="0"]
transform = Transform3D( 1, 0, 0, 0, 1, 0, 0, 0, 1, -0.178064, 0.0672159, 0.83353 )
material/0 = SubResource( 41 )

[node name="branches" parent="Trees/TreesWall50/trees1/RootNode/Null/tree1" index="0"]
material/0 = ExtResource( 37 )

[node name="tree2" parent="Trees/TreesWall50/trees1/RootNode/Null" index="1"]
material/0 = SubResource( 42 )

[node name="branches_2" parent="Trees/TreesWall50/trees1/RootNode/Null/tree2" index="0"]
material/0 = ExtResource( 37 )

[node name="tree3" parent="Trees/TreesWall50/trees1/RootNode/Null" index="2"]
transform = Transform3D( 0.518665, 0, -0.854977, 0, 1, 0, 0.854977, 0, 0.518665, -2.49112, -0.0300281, -0.706934 )
material/0 = SubResource( 43 )

[node name="branches_3" parent="Trees/TreesWall50/trees1/RootNode/Null/tree3" index="0"]
material/0 = ExtResource( 37 )

[node name="CollisionShape3D" type="CollisionShape3D" parent="Trees/TreesWall50"]
transform = Transform3D( 1, 0, 0, 0, 1, 0, 0, 0, 1, 3.70342, 3.11718, 3.66145 )
shape = SubResource( 44 )

[node name="CollisionShape3" type="CollisionShape3D" parent="Trees/TreesWall50"]
transform = Transform3D( 1, 0, 0, 0, 1, 0, 0, 0, 1, -6.52759, 3.11718, 2.92619 )
shape = SubResource( 44 )

[node name="CollisionShape2" type="CollisionShape3D" parent="Trees/TreesWall50"]
transform = Transform3D( 1, 0, 0, 0, 1, 0, 0, 0, 1, -1.61495, 3.11718, 5.94649 )
shape = SubResource( 44 )

[node name="TreesWall51" type="StaticBody3D" parent="Trees"]
transform = Transform3D( 0.209806, 0, -0.977743, 0, 1, 0, 0.977743, 0, 0.209806, 43.2021, 0, 23.7911 )

[node name="trees1" parent="Trees/TreesWall51" instance=ExtResource( 20 )]
transform = Transform3D( 2, 0, 0, 0, 2, 0, 0, 0, 2, -1.40967, 0.0500102, 4.23575 )

[node name="tree1" parent="Trees/TreesWall51/trees1/RootNode/Null" index="0"]
transform = Transform3D( 1, 0, 0, 0, 1, 0, 0, 0, 1, -0.178064, 0.0672159, 0.83353 )
material/0 = SubResource( 41 )

[node name="branches" parent="Trees/TreesWall51/trees1/RootNode/Null/tree1" index="0"]
material/0 = ExtResource( 37 )

[node name="tree2" parent="Trees/TreesWall51/trees1/RootNode/Null" index="1"]
material/0 = SubResource( 42 )

[node name="branches_2" parent="Trees/TreesWall51/trees1/RootNode/Null/tree2" index="0"]
material/0 = ExtResource( 37 )

[node name="tree3" parent="Trees/TreesWall51/trees1/RootNode/Null" index="2"]
transform = Transform3D( 0.518665, 0, -0.854977, 0, 1, 0, 0.854977, 0, 0.518665, -2.49112, -0.0300281, -0.706934 )
material/0 = SubResource( 43 )

[node name="branches_3" parent="Trees/TreesWall51/trees1/RootNode/Null/tree3" index="0"]
material/0 = ExtResource( 37 )

[node name="CollisionShape3D" type="CollisionShape3D" parent="Trees/TreesWall51"]
transform = Transform3D( 1, 0, 0, 0, 1, 0, 0, 0, 1, 3.70342, 3.11718, 3.66145 )
shape = SubResource( 44 )

[node name="CollisionShape3" type="CollisionShape3D" parent="Trees/TreesWall51"]
transform = Transform3D( 1, 0, 0, 0, 1, 0, 0, 0, 1, -6.52759, 3.11718, 2.92619 )
shape = SubResource( 44 )

[node name="CollisionShape2" type="CollisionShape3D" parent="Trees/TreesWall51"]
transform = Transform3D( 1, 0, 0, 0, 1, 0, 0, 0, 1, -1.61495, 3.11718, 5.94649 )
shape = SubResource( 44 )

[node name="TreesWall52" type="StaticBody3D" parent="Trees"]
