[gd_scene load_steps=27 format=2]

[ext_resource path="res://3DModels/portal_1.obj" type="ArrayMesh" id=1]
[ext_resource path="res://3DModels/Trees/tree2Color.png" type="Texture" id=2]
[ext_resource path="res://3DModels/Trees/tree1COlor.png" type="Texture" id=3]
[ext_resource path="res://Textures/grass.jpg" type="Texture" id=4]
[ext_resource path="res://Sounds/dsplpain.wav" type="AudioStream" id=5]
[ext_resource path="res://3DModels/Trees/tree3Color.png" type="Texture" id=6]
[ext_resource path="res://3DModels/leafs_materials.tres" type="Material" id=7]
[ext_resource path="res://3DModels/Trees/trees1.fbx" type="PackedScene" id=8]
[ext_resource path="res://Prefabs/Tree.tscn" type="PackedScene" id=9]
[ext_resource path="res://Prefabs/Player.tscn" type="PackedScene" id=10]
[ext_resource path="res://Prefabs/BigBush.tscn" type="PackedScene" id=11]
[ext_resource path="res://Prefabs/Sticks/Stick1.tscn" type="PackedScene" id=12]
[ext_resource path="res://Prefabs/Bush.tscn" type="PackedScene" id=13]

[sub_resource type="CubeMesh" id=1]

[sub_resource type="SpatialMaterial" id=2]
albedo_texture = ExtResource( 4 )
uv1_scale = Vector3( 45, 45, 1 )

[sub_resource type="BoxShape" id=26]

[sub_resource type="SpatialMaterial" id=41]
albedo_texture = ExtResource( 3 )

[sub_resource type="SpatialMaterial" id=42]
albedo_texture = ExtResource( 2 )

[sub_resource type="SpatialMaterial" id=43]
albedo_texture = ExtResource( 6 )

[sub_resource type="CylinderShape" id=44]
height = 5.93639
radius = 1.78707

[sub_resource type="BoxShape" id=45]
extents = Vector3( 0.529854, 7.21099, 48.8827 )

[sub_resource type="SphereMesh" id=62]

[sub_resource type="SpatialMaterial" id=63]
emission_enabled = true
emission = Color( 0, 1, 0.203922, 1 )
emission_energy = 28.25
emission_operator = 0
emission_on_uv2 = false

[sub_resource type="SpatialMaterial" id=64]
emission_enabled = true
emission = Color( 1, 0, 0, 1 )
emission_energy = 16.0
emission_operator = 0
emission_on_uv2 = false

[sub_resource type="SpatialMaterial" id=65]
metallic = 1.0
metallic_specular = 0.54
roughness = 0.47

[sub_resource type="CylinderShape" id=66]
height = 1.15004
radius = 2.84942

[node name="Home_Dimension" type="Spatial"]

[node name="Player" parent="." instance=ExtResource( 10 )]
transform = Transform( -2, 0, -1.74846e-07, 0, 2, 0, 1.74846e-07, 0, -2, 1.02344, 0.576661, -2.63482 )

[node name="Sounds" type="AudioStreamPlayer" parent="."]
stream = ExtResource( 5 )

[node name="Grounds" type="Position3D" parent="."]

[node name="Ground" type="StaticBody" parent="Grounds"]

[node name="MeshInstance" type="MeshInstance" parent="Grounds/Ground"]
transform = Transform( 45, 0, 0, 0, 0.05, 0, 0, 0, 45, 0, 0, 0 )
mesh = SubResource( 1 )
skeleton = NodePath("../..")
material/0 = SubResource( 2 )

[node name="MeshInstance2" type="MeshInstance" parent="Grounds/Ground"]
transform = Transform( 45, 0, 0, 0, 0.05, 0, 0, 0, 45, 0, 0, 90 )
mesh = SubResource( 1 )
skeleton = NodePath("../..")
material/0 = SubResource( 2 )

[node name="MeshInstance3" type="MeshInstance" parent="Grounds/Ground"]
transform = Transform( 45, 0, 0, 0, 0.05, 0, 0, 0, 45, 0, 0, -90 )
mesh = SubResource( 1 )
skeleton = NodePath("../..")
material/0 = SubResource( 2 )

[node name="MeshInstance4" type="MeshInstance" parent="Grounds/Ground"]
transform = Transform( 45, 0, 0, 0, 0.05, 0, 0, 0, 45, -90, 0, 0 )
mesh = SubResource( 1 )
skeleton = NodePath("../..")
material/0 = SubResource( 2 )

[node name="MeshInstance5" type="MeshInstance" parent="Grounds/Ground"]
transform = Transform( 45, 0, 0, 0, 0.05, 0, 0, 0, 45, -90, 0, 90 )
mesh = SubResource( 1 )
skeleton = NodePath("../..")
material/0 = SubResource( 2 )

[node name="MeshInstance6" type="MeshInstance" parent="Grounds/Ground"]
transform = Transform( 45, 0, 0, 0, 0.05, 0, 0, 0, 45, -90, 0, -90 )
mesh = SubResource( 1 )
skeleton = NodePath("../..")
material/0 = SubResource( 2 )

[node name="MeshInstance7" type="MeshInstance" parent="Grounds/Ground"]
transform = Transform( 45, 0, 0, 0, 0.05, 0, 0, 0, 45, 90, 0, 0 )
mesh = SubResource( 1 )
skeleton = NodePath("../..")
material/0 = SubResource( 2 )

[node name="MeshInstance8" type="MeshInstance" parent="Grounds/Ground"]
transform = Transform( 45, 0, 0, 0, 0.05, 0, 0, 0, 45, 90, 0, 90 )
mesh = SubResource( 1 )
skeleton = NodePath("../..")
material/0 = SubResource( 2 )

[node name="MeshInstance9" type="MeshInstance" parent="Grounds/Ground"]
transform = Transform( 45, 0, 0, 0, 0.05, 0, 0, 0, 45, 90, 0, -90 )
mesh = SubResource( 1 )
skeleton = NodePath("../..")
material/0 = SubResource( 2 )

[node name="CollisionShape" type="CollisionShape" parent="Grounds/Ground"]
transform = Transform( 45, 0, 0, 0, 0.05, 0, 0, 0, 45, 0, 0, 0 )
shape = SubResource( 26 )

[node name="Sticks" type="Position3D" parent="."]
transform = Transform( 1, 0, 0, 0, 1, 0, 0, 0, 1, -5.0858, 0.183793, 5.84047 )

[node name="Stick1" parent="Sticks" instance=ExtResource( 12 )]
transform = Transform( 0.790796, 0, 0.612079, 0, 1, 0, -0.612079, 0, 0.790796, -7.98899, -0.14207, 1.96907 )

[node name="Trees" type="Position3D" parent="."]

[node name="Tree" parent="Trees" instance=ExtResource( 9 )]

[node name="Tree2" parent="Trees" instance=ExtResource( 9 )]
transform = Transform( 0.199146, 0, -0.97997, 0, 1, 0, 0.97997, 0, 0.199146, -16.2377, 0, 11.0014 )

[node name="Tree3" parent="Trees" instance=ExtResource( 9 )]
transform = Transform( 0.679288, 0, 0.733872, 0, 1, 0, -0.733872, 0, 0.679288, -20.081, 0, 20.0716 )

[node name="Tree4" parent="Trees" instance=ExtResource( 9 )]
transform = Transform( 0.643536, 0, -0.765416, 0, 1, 0, 0.765416, 0, 0.643536, -20.081, 0, 30.4455 )

[node name="Tree5" parent="Trees" instance=ExtResource( 9 )]
transform = Transform( 0.643536, 0, -0.765416, 0, 1, 0, 0.765416, 0, 0.643536, -16.2832, 0, 38.3372 )

[node name="Tree6" parent="Trees" instance=ExtResource( 9 )]
transform = Transform( 0.643536, 0, -0.765416, 0, 1, 0, 0.765416, 0, 0.643536, 16.8965, 0, 38.3372 )

[node name="Tree7" parent="Trees" instance=ExtResource( 9 )]
transform = Transform( -0.329707, 0, -0.944083, 0, 1, 0, 0.944083, 0, -0.329707, 21.0143, 0, 29.0707 )

[node name="Tree8" parent="Trees" instance=ExtResource( 9 )]
transform = Transform( -0.983083, 0, -0.183162, 0, 1, 0, 0.183162, 0, -0.983083, 21.0143, 0, 17.7895 )

[node name="Tree9" parent="Trees" instance=ExtResource( 9 )]
transform = Transform( -0.983083, 0, -0.183162, 0, 1, 0, 0.183162, 0, -0.983083, 22.9211, 0, 5.67399 )

[node name="Tree17" parent="Trees" instance=ExtResource( 9 )]
transform = Transform( -0.983083, 0, -0.183162, 0, 1, 0, 0.183162, 0, -0.983083, 24.8393, 0, -2.32601 )

[node name="Tree10" parent="Trees" instance=ExtResource( 9 )]
transform = Transform( 0.656336, 0, -0.754469, 0, 1, 0, 0.754469, 0, 0.656336, 18.3839, 0, -5.61047 )

[node name="Tree11" parent="Trees" instance=ExtResource( 9 )]
transform = Transform( -0.735494, 0, -0.677531, 0, 1, 0, 0.677531, 0, -0.735494, 18.3839, 0, -15.9271 )

[node name="Tree12" parent="Trees" instance=ExtResource( 9 )]
transform = Transform( -0.735494, 0, -0.677531, 0, 1, 0, 0.677531, 0, -0.735494, 9.73899, 0, -22.2149 )

[node name="Tree13" parent="Trees" instance=ExtResource( 9 )]
transform = Transform( 0.996825, 0, -0.0796246, 0, 1, 0, 0.0796246, 0, 0.996825, -0.599966, 0, -22.2149 )

[node name="Tree14" parent="Trees" instance=ExtResource( 9 )]
transform = Transform( 0.600448, 0, -0.799664, 0, 1, 0, 0.799664, 0, 0.600448, -14.285, 0, -22.2149 )

[node name="Tree15" parent="Trees" instance=ExtResource( 9 )]
transform = Transform( -0.16212, 0, -0.986771, 0, 1, 0, 0.986771, 0, -0.16212, -16.543, 0, -12.0559 )

[node name="Tree16" parent="Trees" instance=ExtResource( 9 )]
transform = Transform( 0.856465, 0, -0.516204, 0, 1, 0, 0.516204, 0, 0.856465, -16.543, 0, -3.06918 )

[node name="TreesWall" type="StaticBody" parent="Trees"]
transform = Transform( -0.0161959, 0, 0.999869, 0, 1, 0, -0.999869, 0, -0.0161959, -27.0011, 0, 5.30738 )

[node name="trees1" parent="Trees/TreesWall" instance=ExtResource( 8 )]
transform = Transform( 2, 0, 0, 0, 2, 0, 0, 0, 2, -1.40967, 0.0500102, 4.23575 )

[node name="tree1" parent="Trees/TreesWall/trees1/RootNode/Null" index="0"]
transform = Transform( 1, 0, 0, 0, 1, 0, 0, 0, 1, -0.178064, 0.0672159, 0.83353 )
material/0 = SubResource( 41 )

[node name="branches" parent="Trees/TreesWall/trees1/RootNode/Null/tree1" index="0"]
material/0 = ExtResource( 7 )

[node name="tree2" parent="Trees/TreesWall/trees1/RootNode/Null" index="1"]
material/0 = SubResource( 42 )

[node name="branches_2" parent="Trees/TreesWall/trees1/RootNode/Null/tree2" index="0"]
material/0 = ExtResource( 7 )

[node name="tree3" parent="Trees/TreesWall/trees1/RootNode/Null" index="2"]
transform = Transform( 0.518665, 0, -0.854977, 0, 1, 0, 0.854977, 0, 0.518665, -2.49112, -0.0300281, -0.706934 )
material/0 = SubResource( 43 )

[node name="branches_3" parent="Trees/TreesWall/trees1/RootNode/Null/tree3" index="0"]
material/0 = ExtResource( 7 )

[node name="CollisionShape" type="CollisionShape" parent="Trees/TreesWall"]
transform = Transform( 1, 0, 0, 0, 1, 0, 0, 0, 1, 3.70342, 3.11718, 3.66145 )
shape = SubResource( 44 )

[node name="CollisionShape3" type="CollisionShape" parent="Trees/TreesWall"]
transform = Transform( 1, 0, 0, 0, 1, 0, 0, 0, 1, -6.52759, 3.11718, 2.92619 )
shape = SubResource( 44 )

[node name="CollisionShape2" type="CollisionShape" parent="Trees/TreesWall"]
transform = Transform( 1, 0, 0, 0, 1, 0, 0, 0, 1, -1.61495, 3.11718, 5.94649 )
shape = SubResource( 44 )

[node name="TreesWall29" type="StaticBody" parent="Trees"]
transform = Transform( -0.506726, 0, 0.862107, 0, 1, 0, -0.862107, 0, -0.506726, -33.1578, 0, 5.30738 )

[node name="trees1" parent="Trees/TreesWall29" instance=ExtResource( 8 )]
transform = Transform( 2, 0, 0, 0, 2, 0, 0, 0, 2, -1.40967, 0.0500102, 4.23575 )

[node name="tree1" parent="Trees/TreesWall29/trees1/RootNode/Null" index="0"]
transform = Transform( 1, 0, 0, 0, 1, 0, 0, 0, 1, -0.178064, 0.0672159, 0.83353 )
material/0 = SubResource( 41 )

[node name="branches" parent="Trees/TreesWall29/trees1/RootNode/Null/tree1" index="0"]
material/0 = ExtResource( 7 )

[node name="tree2" parent="Trees/TreesWall29/trees1/RootNode/Null" index="1"]
material/0 = SubResource( 42 )

[node name="branches_2" parent="Trees/TreesWall29/trees1/RootNode/Null/tree2" index="0"]
material/0 = ExtResource( 7 )

[node name="tree3" parent="Trees/TreesWall29/trees1/RootNode/Null" index="2"]
transform = Transform( 0.518665, 0, -0.854977, 0, 1, 0, 0.854977, 0, 0.518665, -2.49112, -0.0300281, -0.706934 )
material/0 = SubResource( 43 )

[node name="branches_3" parent="Trees/TreesWall29/trees1/RootNode/Null/tree3" index="0"]
material/0 = ExtResource( 7 )

[node name="CollisionShape" type="CollisionShape" parent="Trees/TreesWall29"]
transform = Transform( 1, 0, 0, 0, 1, 0, 0, 0, 1, 3.70342, 3.11718, 3.66145 )
shape = SubResource( 44 )

[node name="CollisionShape3" type="CollisionShape" parent="Trees/TreesWall29"]
transform = Transform( 1, 0, 0, 0, 1, 0, 0, 0, 1, -6.52759, 3.11718, 2.92619 )
shape = SubResource( 44 )

[node name="CollisionShape2" type="CollisionShape" parent="Trees/TreesWall29"]
transform = Transform( 1, 0, 0, 0, 1, 0, 0, 0, 1, -1.61495, 3.11718, 5.94649 )
shape = SubResource( 44 )

[node name="TreesWall30" type="StaticBody" parent="Trees"]
transform = Transform( 0.931183, 0, -0.364552, 0, 1, 0, 0.364552, 0, 0.931183, -33.1578, 0, 3.69423 )

[node name="trees1" parent="Trees/TreesWall30" instance=ExtResource( 8 )]
transform = Transform( 2, 0, 0, 0, 2, 0, 0, 0, 2, -1.40967, 0.0500102, 4.23575 )

[node name="tree1" parent="Trees/TreesWall30/trees1/RootNode/Null" index="0"]
transform = Transform( 1, 0, 0, 0, 1, 0, 0, 0, 1, -0.178064, 0.0672159, 0.83353 )
material/0 = SubResource( 41 )

[node name="branches" parent="Trees/TreesWall30/trees1/RootNode/Null/tree1" index="0"]
material/0 = ExtResource( 7 )

[node name="tree2" parent="Trees/TreesWall30/trees1/RootNode/Null" index="1"]
material/0 = SubResource( 42 )

[node name="branches_2" parent="Trees/TreesWall30/trees1/RootNode/Null/tree2" index="0"]
material/0 = ExtResource( 7 )

[node name="tree3" parent="Trees/TreesWall30/trees1/RootNode/Null" index="2"]
transform = Transform( 0.518665, 0, -0.854977, 0, 1, 0, 0.854977, 0, 0.518665, -2.49112, -0.0300281, -0.706934 )
material/0 = SubResource( 43 )

[node name="branches_3" parent="Trees/TreesWall30/trees1/RootNode/Null/tree3" index="0"]
material/0 = ExtResource( 7 )

[node name="CollisionShape" type="CollisionShape" parent="Trees/TreesWall30"]
transform = Transform( 1, 0, 0, 0, 1, 0, 0, 0, 1, 3.70342, 3.11718, 3.66145 )
shape = SubResource( 44 )

[node name="CollisionShape3" type="CollisionShape" parent="Trees/TreesWall30"]
transform = Transform( 1, 0, 0, 0, 1, 0, 0, 0, 1, -6.52759, 3.11718, 2.92619 )
shape = SubResource( 44 )

[node name="CollisionShape2" type="CollisionShape" parent="Trees/TreesWall30"]
transform = Transform( 1, 0, 0, 0, 1, 0, 0, 0, 1, -1.61495, 3.11718, 5.94649 )
shape = SubResource( 44 )

[node name="TreesWall31" type="StaticBody" parent="Trees"]
transform = Transform( 0.996448, 0, 0.084217, 0, 1, 0, -0.084217, 0, 0.996448, -34.9098, 0, 10.6942 )

[node name="trees1" parent="Trees/TreesWall31" instance=ExtResource( 8 )]
transform = Transform( 2, 0, 0, 0, 2, 0, 0, 0, 2, -1.40967, 0.0500102, 4.23575 )

[node name="tree1" parent="Trees/TreesWall31/trees1/RootNode/Null" index="0"]
transform = Transform( 1, 0, 0, 0, 1, 0, 0, 0, 1, -0.178064, 0.0672159, 0.83353 )
material/0 = SubResource( 41 )

[node name="branches" parent="Trees/TreesWall31/trees1/RootNode/Null/tree1" index="0"]
material/0 = ExtResource( 7 )

[node name="tree2" parent="Trees/TreesWall31/trees1/RootNode/Null" index="1"]
material/0 = SubResource( 42 )

[node name="branches_2" parent="Trees/TreesWall31/trees1/RootNode/Null/tree2" index="0"]
material/0 = ExtResource( 7 )

[node name="tree3" parent="Trees/TreesWall31/trees1/RootNode/Null" index="2"]
transform = Transform( 0.518665, 0, -0.854977, 0, 1, 0, 0.854977, 0, 0.518665, -2.49112, -0.0300281, -0.706934 )
material/0 = SubResource( 43 )

[node name="branches_3" parent="Trees/TreesWall31/trees1/RootNode/Null/tree3" index="0"]
material/0 = ExtResource( 7 )

[node name="CollisionShape" type="CollisionShape" parent="Trees/TreesWall31"]
transform = Transform( 1, 0, 0, 0, 1, 0, 0, 0, 1, 3.70342, 3.11718, 3.66145 )
shape = SubResource( 44 )

[node name="CollisionShape3" type="CollisionShape" parent="Trees/TreesWall31"]
transform = Transform( 1, 0, 0, 0, 1, 0, 0, 0, 1, -6.52759, 3.11718, 2.92619 )
shape = SubResource( 44 )

[node name="CollisionShape2" type="CollisionShape" parent="Trees/TreesWall31"]
transform = Transform( 1, 0, 0, 0, 1, 0, 0, 0, 1, -1.61495, 3.11718, 5.94649 )
shape = SubResource( 44 )

[node name="TreesWall32" type="StaticBody" parent="Trees"]
transform = Transform( 0.996448, 0, 0.084217, 0, 1, 0, -0.084217, 0, 0.996448, -37.801, 0, 16.6942 )

[node name="trees1" parent="Trees/TreesWall32" instance=ExtResource( 8 )]
transform = Transform( 2, 0, 0, 0, 2, 0, 0, 0, 2, -1.40967, 0.0500102, 4.23575 )

[node name="tree1" parent="Trees/TreesWall32/trees1/RootNode/Null" index="0"]
transform = Transform( 1, 0, 0, 0, 1, 0, 0, 0, 1, -0.178064, 0.0672159, 0.83353 )
material/0 = SubResource( 41 )

[node name="branches" parent="Trees/TreesWall32/trees1/RootNode/Null/tree1" index="0"]
material/0 = ExtResource( 7 )

[node name="tree2" parent="Trees/TreesWall32/trees1/RootNode/Null" index="1"]
material/0 = SubResource( 42 )

[node name="branches_2" parent="Trees/TreesWall32/trees1/RootNode/Null/tree2" index="0"]
material/0 = ExtResource( 7 )

[node name="tree3" parent="Trees/TreesWall32/trees1/RootNode/Null" index="2"]
transform = Transform( 0.518665, 0, -0.854977, 0, 1, 0, 0.854977, 0, 0.518665, -2.49112, -0.0300281, -0.706934 )
material/0 = SubResource( 43 )

[node name="branches_3" parent="Trees/TreesWall32/trees1/RootNode/Null/tree3" index="0"]
material/0 = ExtResource( 7 )

[node name="CollisionShape" type="CollisionShape" parent="Trees/TreesWall32"]
transform = Transform( 1, 0, 0, 0, 1, 0, 0, 0, 1, 3.70342, 3.11718, 3.66145 )
shape = SubResource( 44 )

[node name="CollisionShape3" type="CollisionShape" parent="Trees/TreesWall32"]
transform = Transform( 1, 0, 0, 0, 1, 0, 0, 0, 1, -6.52759, 3.11718, 2.92619 )
shape = SubResource( 44 )

[node name="CollisionShape2" type="CollisionShape" parent="Trees/TreesWall32"]
transform = Transform( 1, 0, 0, 0, 1, 0, 0, 0, 1, -1.61495, 3.11718, 5.94649 )
shape = SubResource( 44 )

[node name="TreesWall33" type="StaticBody" parent="Trees"]
transform = Transform( 0.996448, 0, 0.084217, 0, 1, 0, -0.084217, 0, 0.996448, -36.4508, 0, 21.6942 )

[node name="trees1" parent="Trees/TreesWall33" instance=ExtResource( 8 )]
transform = Transform( 2, 0, 0, 0, 2, 0, 0, 0, 2, -1.40967, 0.0500102, 4.23575 )

[node name="tree1" parent="Trees/TreesWall33/trees1/RootNode/Null" index="0"]
transform = Transform( 1, 0, 0, 0, 1, 0, 0, 0, 1, -0.178064, 0.0672159, 0.83353 )
material/0 = SubResource( 41 )

[node name="branches" parent="Trees/TreesWall33/trees1/RootNode/Null/tree1" index="0"]
material/0 = ExtResource( 7 )

[node name="tree2" parent="Trees/TreesWall33/trees1/RootNode/Null" index="1"]
material/0 = SubResource( 42 )

[node name="branches_2" parent="Trees/TreesWall33/trees1/RootNode/Null/tree2" index="0"]
material/0 = ExtResource( 7 )

[node name="tree3" parent="Trees/TreesWall33/trees1/RootNode/Null" index="2"]
transform = Transform( 0.518665, 0, -0.854977, 0, 1, 0, 0.854977, 0, 0.518665, -2.49112, -0.0300281, -0.706934 )
material/0 = SubResource( 43 )

[node name="branches_3" parent="Trees/TreesWall33/trees1/RootNode/Null/tree3" index="0"]
material/0 = ExtResource( 7 )

[node name="CollisionShape" type="CollisionShape" parent="Trees/TreesWall33"]
transform = Transform( 1, 0, 0, 0, 1, 0, 0, 0, 1, 3.70342, 3.11718, 3.66145 )
shape = SubResource( 44 )

[node name="CollisionShape3" type="CollisionShape" parent="Trees/TreesWall33"]
transform = Transform( 1, 0, 0, 0, 1, 0, 0, 0, 1, -6.52759, 3.11718, 2.92619 )
shape = SubResource( 44 )

[node name="CollisionShape2" type="CollisionShape" parent="Trees/TreesWall33"]
transform = Transform( 1, 0, 0, 0, 1, 0, 0, 0, 1, -1.61495, 3.11718, 5.94649 )
shape = SubResource( 44 )

[node name="TreesWall34" type="StaticBody" parent="Trees"]
transform = Transform( 0.92002, 0, -0.391872, 0, 1, 0, 0.391872, 0, 0.92002, -36.4508, 0, 28.4752 )

[node name="trees1" parent="Trees/TreesWall34" instance=ExtResource( 8 )]
transform = Transform( 2, 0, 0, 0, 2, 0, 0, 0, 2, -1.40967, 0.0500102, 4.23575 )

[node name="tree1" parent="Trees/TreesWall34/trees1/RootNode/Null" index="0"]
transform = Transform( 1, 0, 0, 0, 1, 0, 0, 0, 1, -0.178064, 0.0672159, 0.83353 )
material/0 = SubResource( 41 )

[node name="branches" parent="Trees/TreesWall34/trees1/RootNode/Null/tree1" index="0"]
material/0 = ExtResource( 7 )

[node name="tree2" parent="Trees/TreesWall34/trees1/RootNode/Null" index="1"]
material/0 = SubResource( 42 )

[node name="branches_2" parent="Trees/TreesWall34/trees1/RootNode/Null/tree2" index="0"]
material/0 = ExtResource( 7 )

[node name="tree3" parent="Trees/TreesWall34/trees1/RootNode/Null" index="2"]
transform = Transform( 0.518665, 0, -0.854977, 0, 1, 0, 0.854977, 0, 0.518665, -2.49112, -0.0300281, -0.706934 )
material/0 = SubResource( 43 )

[node name="branches_3" parent="Trees/TreesWall34/trees1/RootNode/Null/tree3" index="0"]
material/0 = ExtResource( 7 )

[node name="CollisionShape" type="CollisionShape" parent="Trees/TreesWall34"]
transform = Transform( 1, 0, 0, 0, 1, 0, 0, 0, 1, 3.70342, 3.11718, 3.66145 )
shape = SubResource( 44 )

[node name="CollisionShape3" type="CollisionShape" parent="Trees/TreesWall34"]
transform = Transform( 1, 0, 0, 0, 1, 0, 0, 0, 1, -6.52759, 3.11718, 2.92619 )
shape = SubResource( 44 )

[node name="CollisionShape2" type="CollisionShape" parent="Trees/TreesWall34"]
transform = Transform( 1, 0, 0, 0, 1, 0, 0, 0, 1, -1.61495, 3.11718, 5.94649 )
shape = SubResource( 44 )

[node name="TreesWall35" type="StaticBody" parent="Trees"]
transform = Transform( 0.898082, 0, 0.439829, 0, 1, 0, -0.439829, 0, 0.898082, -36.4508, 0, 36.4752 )

[node name="trees1" parent="Trees/TreesWall35" instance=ExtResource( 8 )]
transform = Transform( 2, 0, 0, 0, 2, 0, 0, 0, 2, -1.40967, 0.0500102, 4.23575 )

[node name="tree1" parent="Trees/TreesWall35/trees1/RootNode/Null" index="0"]
transform = Transform( 1, 0, 0, 0, 1, 0, 0, 0, 1, -0.178064, 0.0672159, 0.83353 )
material/0 = SubResource( 41 )

[node name="branches" parent="Trees/TreesWall35/trees1/RootNode/Null/tree1" index="0"]
material/0 = ExtResource( 7 )

[node name="tree2" parent="Trees/TreesWall35/trees1/RootNode/Null" index="1"]
material/0 = SubResource( 42 )

[node name="branches_2" parent="Trees/TreesWall35/trees1/RootNode/Null/tree2" index="0"]
material/0 = ExtResource( 7 )

[node name="tree3" parent="Trees/TreesWall35/trees1/RootNode/Null" index="2"]
transform = Transform( 0.518665, 0, -0.854977, 0, 1, 0, 0.854977, 0, 0.518665, -2.49112, -0.0300281, -0.706934 )
material/0 = SubResource( 43 )

[node name="branches_3" parent="Trees/TreesWall35/trees1/RootNode/Null/tree3" index="0"]
material/0 = ExtResource( 7 )

[node name="CollisionShape" type="CollisionShape" parent="Trees/TreesWall35"]
transform = Transform( 1, 0, 0, 0, 1, 0, 0, 0, 1, 3.70342, 3.11718, 3.66145 )
shape = SubResource( 44 )

[node name="CollisionShape3" type="CollisionShape" parent="Trees/TreesWall35"]
transform = Transform( 1, 0, 0, 0, 1, 0, 0, 0, 1, -6.52759, 3.11718, 2.92619 )
shape = SubResource( 44 )

[node name="CollisionShape2" type="CollisionShape" parent="Trees/TreesWall35"]
transform = Transform( 1, 0, 0, 0, 1, 0, 0, 0, 1, -1.61495, 3.11718, 5.94649 )
shape = SubResource( 44 )

[node name="TreesWall4" type="StaticBody" parent="Trees"]
transform = Transform( -0.0161959, 0, 0.999869, 0, 1, 0, -0.999869, 0, -0.0161959, -27.0011, 0, -10.7728 )

[node name="trees1" parent="Trees/TreesWall4" instance=ExtResource( 8 )]
transform = Transform( 2, 0, 0, 0, 2, 0, 0, 0, 2, -1.40967, 0.0500102, 4.23575 )

[node name="tree1" parent="Trees/TreesWall4/trees1/RootNode/Null" index="0"]
transform = Transform( 1, 0, 0, 0, 1, 0, 0, 0, 1, -0.178064, 0.0672159, 0.83353 )
material/0 = SubResource( 41 )

[node name="branches" parent="Trees/TreesWall4/trees1/RootNode/Null/tree1" index="0"]
material/0 = ExtResource( 7 )

[node name="tree2" parent="Trees/TreesWall4/trees1/RootNode/Null" index="1"]
material/0 = SubResource( 42 )

[node name="branches_2" parent="Trees/TreesWall4/trees1/RootNode/Null/tree2" index="0"]
material/0 = ExtResource( 7 )

[node name="tree3" parent="Trees/TreesWall4/trees1/RootNode/Null" index="2"]
transform = Transform( 0.518665, 0, -0.854977, 0, 1, 0, 0.854977, 0, 0.518665, -2.49112, -0.0300281, -0.706934 )
material/0 = SubResource( 43 )

[node name="branches_3" parent="Trees/TreesWall4/trees1/RootNode/Null/tree3" index="0"]
material/0 = ExtResource( 7 )

[node name="CollisionShape" type="CollisionShape" parent="Trees/TreesWall4"]
transform = Transform( 1, 0, 0, 0, 1, 0, 0, 0, 1, 3.70342, 3.11718, 3.66145 )
shape = SubResource( 44 )

[node name="CollisionShape3" type="CollisionShape" parent="Trees/TreesWall4"]
transform = Transform( 1, 0, 0, 0, 1, 0, 0, 0, 1, -6.52759, 3.11718, 2.92619 )
shape = SubResource( 44 )

[node name="CollisionShape2" type="CollisionShape" parent="Trees/TreesWall4"]
transform = Transform( 1, 0, 0, 0, 1, 0, 0, 0, 1, -1.61495, 3.11718, 5.94649 )
shape = SubResource( 44 )

[node name="TreesWall5" type="StaticBody" parent="Trees"]
transform = Transform( 0.461222, 0, 0.887285, 0, 1, 0, -0.887285, 0, 0.461222, -27.2512, 0, -25.146 )

[node name="trees1" parent="Trees/TreesWall5" instance=ExtResource( 8 )]
transform = Transform( 2, 0, 0, 0, 2, 0, 0, 0, 2, -1.40967, 0.0500102, 4.23575 )

[node name="tree1" parent="Trees/TreesWall5/trees1/RootNode/Null" index="0"]
transform = Transform( 1, 0, 0, 0, 1, 0, 0, 0, 1, -0.178064, 0.0672159, 0.83353 )
material/0 = SubResource( 41 )

[node name="branches" parent="Trees/TreesWall5/trees1/RootNode/Null/tree1" index="0"]
material/0 = ExtResource( 7 )

[node name="tree2" parent="Trees/TreesWall5/trees1/RootNode/Null" index="1"]
material/0 = SubResource( 42 )

[node name="branches_2" parent="Trees/TreesWall5/trees1/RootNode/Null/tree2" index="0"]
material/0 = ExtResource( 7 )

[node name="tree3" parent="Trees/TreesWall5/trees1/RootNode/Null" index="2"]
transform = Transform( 0.518665, 0, -0.854977, 0, 1, 0, 0.854977, 0, 0.518665, -2.49112, -0.0300281, -0.706934 )
material/0 = SubResource( 43 )

[node name="branches_3" parent="Trees/TreesWall5/trees1/RootNode/Null/tree3" index="0"]
material/0 = ExtResource( 7 )

[node name="trees2" parent="Trees/TreesWall5" instance=ExtResource( 8 )]
transform = Transform( 2, 0, 0, 0, 2, 0, 0, 0, 2, -4.02446, 0.0500102, 5.59495 )

[node name="tree1" parent="Trees/TreesWall5/trees2/RootNode/Null" index="0"]
transform = Transform( 1, 0, 0, 0, 1, 0, 0, 0, 1, -0.178064, 0.0672159, 0.83353 )
material/0 = SubResource( 41 )

[node name="branches" parent="Trees/TreesWall5/trees2/RootNode/Null/tree1" index="0"]
material/0 = ExtResource( 7 )

[node name="tree2" parent="Trees/TreesWall5/trees2/RootNode/Null" index="1"]
material/0 = SubResource( 42 )

[node name="branches_2" parent="Trees/TreesWall5/trees2/RootNode/Null/tree2" index="0"]
material/0 = ExtResource( 7 )

[node name="tree3" parent="Trees/TreesWall5/trees2/RootNode/Null" index="2"]
transform = Transform( 0.518665, 0, -0.854977, 0, 1, 0, 0.854977, 0, 0.518665, -2.49112, -0.0300281, -0.706934 )
material/0 = SubResource( 43 )

[node name="branches_3" parent="Trees/TreesWall5/trees2/RootNode/Null/tree3" index="0"]
material/0 = ExtResource( 7 )

[node name="CollisionShape" type="CollisionShape" parent="Trees/TreesWall5"]
transform = Transform( 1, 0, 0, 0, 1, 0, 0, 0, 1, 3.70342, 3.11718, 3.66145 )
shape = SubResource( 44 )

[node name="CollisionShape3" type="CollisionShape" parent="Trees/TreesWall5"]
transform = Transform( 1, 0, 0, 0, 1, 0, 0, 0, 1, -6.52759, 3.11718, 2.92619 )
shape = SubResource( 44 )

[node name="CollisionShape2" type="CollisionShape" parent="Trees/TreesWall5"]
transform = Transform( 1, 0, 0, 0, 1, 0, 0, 0, 1, -1.61495, 3.11718, 5.94649 )
shape = SubResource( 44 )

[node name="TreesWall6" type="StaticBody" parent="Trees"]
transform = Transform( 0.961064, 0, 0.276325, 0, 1, 0, -0.276325, 0, 0.961064, -12.0259, 0, -33.5742 )

[node name="trees1" parent="Trees/TreesWall6" instance=ExtResource( 8 )]
transform = Transform( 2, 0, 0, 0, 2, 0, 0, 0, 2, -1.40967, 0.0500102, 4.23575 )

[node name="tree1" parent="Trees/TreesWall6/trees1/RootNode/Null" index="0"]
transform = Transform( 1, 0, 0, 0, 1, 0, 0, 0, 1, -0.178064, 0.0672159, 0.83353 )
material/0 = SubResource( 41 )

[node name="branches" parent="Trees/TreesWall6/trees1/RootNode/Null/tree1" index="0"]
material/0 = ExtResource( 7 )

[node name="tree2" parent="Trees/TreesWall6/trees1/RootNode/Null" index="1"]
material/0 = SubResource( 42 )

[node name="branches_2" parent="Trees/TreesWall6/trees1/RootNode/Null/tree2" index="0"]
material/0 = ExtResource( 7 )

[node name="tree3" parent="Trees/TreesWall6/trees1/RootNode/Null" index="2"]
transform = Transform( 0.518665, 0, -0.854977, 0, 1, 0, 0.854977, 0, 0.518665, -2.49112, -0.0300281, -0.706934 )
material/0 = SubResource( 43 )

[node name="branches_3" parent="Trees/TreesWall6/trees1/RootNode/Null/tree3" index="0"]
material/0 = ExtResource( 7 )

[node name="CollisionShape" type="CollisionShape" parent="Trees/TreesWall6"]
transform = Transform( 1, 0, 0, 0, 1, 0, 0, 0, 1, 3.70342, 3.11718, 3.66145 )
shape = SubResource( 44 )

[node name="CollisionShape3" type="CollisionShape" parent="Trees/TreesWall6"]
transform = Transform( 1, 0, 0, 0, 1, 0, 0, 0, 1, -6.52759, 3.11718, 2.92619 )
shape = SubResource( 44 )

[node name="CollisionShape2" type="CollisionShape" parent="Trees/TreesWall6"]
transform = Transform( 1, 0, 0, 0, 1, 0, 0, 0, 1, -1.61495, 3.11718, 5.94649 )
shape = SubResource( 44 )

[node name="TreesWall7" type="StaticBody" parent="Trees"]
transform = Transform( 0.961064, 0, 0.276325, 0, 1, 0, -0.276325, 0, 0.961064, 2.69776, 0, -33.5742 )

[node name="trees1" parent="Trees/TreesWall7" instance=ExtResource( 8 )]
transform = Transform( 2, 0, 0, 0, 2, 0, 0, 0, 2, -1.40967, 0.0500102, 4.23575 )

[node name="tree1" parent="Trees/TreesWall7/trees1/RootNode/Null" index="0"]
transform = Transform( 1, 0, 0, 0, 1, 0, 0, 0, 1, -0.178064, 0.0672159, 0.83353 )
material/0 = SubResource( 41 )

[node name="branches" parent="Trees/TreesWall7/trees1/RootNode/Null/tree1" index="0"]
material/0 = ExtResource( 7 )

[node name="tree2" parent="Trees/TreesWall7/trees1/RootNode/Null" index="1"]
material/0 = SubResource( 42 )

[node name="branches_2" parent="Trees/TreesWall7/trees1/RootNode/Null/tree2" index="0"]
material/0 = ExtResource( 7 )

[node name="tree3" parent="Trees/TreesWall7/trees1/RootNode/Null" index="2"]
transform = Transform( 0.518665, 0, -0.854977, 0, 1, 0, 0.854977, 0, 0.518665, -2.49112, -0.0300281, -0.706934 )
material/0 = SubResource( 43 )

[node name="branches_3" parent="Trees/TreesWall7/trees1/RootNode/Null/tree3" index="0"]
material/0 = ExtResource( 7 )

[node name="CollisionShape" type="CollisionShape" parent="Trees/TreesWall7"]
transform = Transform( 1, 0, 0, 0, 1, 0, 0, 0, 1, 3.70342, 3.11718, 3.66145 )
shape = SubResource( 44 )

[node name="CollisionShape3" type="CollisionShape" parent="Trees/TreesWall7"]
transform = Transform( 1, 0, 0, 0, 1, 0, 0, 0, 1, -6.52759, 3.11718, 2.92619 )
shape = SubResource( 44 )

[node name="CollisionShape2" type="CollisionShape" parent="Trees/TreesWall7"]
transform = Transform( 1, 0, 0, 0, 1, 0, 0, 0, 1, -1.61495, 3.11718, 5.94649 )
shape = SubResource( 44 )

[node name="TreesWall8" type="StaticBody" parent="Trees"]
transform = Transform( 0.741109, 0, -0.671384, 0, 1, 0, 0.671384, 0, 0.741109, 17.0837, 0, -33.5742 )

[node name="trees1" parent="Trees/TreesWall8" instance=ExtResource( 8 )]
transform = Transform( 2, 0, 0, 0, 2, 0, 0, 0, 2, -1.40967, 0.0500102, 4.23575 )

[node name="tree1" parent="Trees/TreesWall8/trees1/RootNode/Null" index="0"]
transform = Transform( 1, 0, 0, 0, 1, 0, 0, 0, 1, -0.178064, 0.0672159, 0.83353 )
material/0 = SubResource( 41 )

[node name="branches" parent="Trees/TreesWall8/trees1/RootNode/Null/tree1" index="0"]
material/0 = ExtResource( 7 )

[node name="tree2" parent="Trees/TreesWall8/trees1/RootNode/Null" index="1"]
material/0 = SubResource( 42 )

[node name="branches_2" parent="Trees/TreesWall8/trees1/RootNode/Null/tree2" index="0"]
material/0 = ExtResource( 7 )

[node name="tree3" parent="Trees/TreesWall8/trees1/RootNode/Null" index="2"]
transform = Transform( 0.518665, 0, -0.854977, 0, 1, 0, 0.854977, 0, 0.518665, -2.49112, -0.0300281, -0.706934 )
material/0 = SubResource( 43 )

[node name="branches_3" parent="Trees/TreesWall8/trees1/RootNode/Null/tree3" index="0"]
material/0 = ExtResource( 7 )

[node name="CollisionShape" type="CollisionShape" parent="Trees/TreesWall8"]
transform = Transform( 1, 0, 0, 0, 1, 0, 0, 0, 1, 3.70342, 3.11718, 3.66145 )
shape = SubResource( 44 )

[node name="CollisionShape3" type="CollisionShape" parent="Trees/TreesWall8"]
transform = Transform( 1, 0, 0, 0, 1, 0, 0, 0, 1, -6.52759, 3.11718, 2.92619 )
shape = SubResource( 44 )

[node name="CollisionShape2" type="CollisionShape" parent="Trees/TreesWall8"]
transform = Transform( 1, 0, 0, 0, 1, 0, 0, 0, 1, -1.61495, 3.11718, 5.94649 )
shape = SubResource( 44 )

[node name="TreesWall9" type="StaticBody" parent="Trees"]
transform = Transform( 0.248335, 0, -0.968674, 0, 1, 0, 0.968674, 0, 0.248335, 23.5903, 0, -18.6983 )

[node name="trees1" parent="Trees/TreesWall9" instance=ExtResource( 8 )]
transform = Transform( 2, 0, 0, 0, 2, 0, 0, 0, 2, -1.40967, 0.0500102, 4.23575 )

[node name="tree1" parent="Trees/TreesWall9/trees1/RootNode/Null" index="0"]
transform = Transform( 1, 0, 0, 0, 1, 0, 0, 0, 1, -0.178064, 0.0672159, 0.83353 )
material/0 = SubResource( 41 )

[node name="branches" parent="Trees/TreesWall9/trees1/RootNode/Null/tree1" index="0"]
material/0 = ExtResource( 7 )

[node name="tree2" parent="Trees/TreesWall9/trees1/RootNode/Null" index="1"]
material/0 = SubResource( 42 )

[node name="branches_2" parent="Trees/TreesWall9/trees1/RootNode/Null/tree2" index="0"]
material/0 = ExtResource( 7 )

[node name="tree3" parent="Trees/TreesWall9/trees1/RootNode/Null" index="2"]
transform = Transform( 0.518665, 0, -0.854977, 0, 1, 0, 0.854977, 0, 0.518665, -2.49112, -0.0300281, -0.706934 )
material/0 = SubResource( 43 )

[node name="branches_3" parent="Trees/TreesWall9/trees1/RootNode/Null/tree3" index="0"]
material/0 = ExtResource( 7 )

[node name="CollisionShape" type="CollisionShape" parent="Trees/TreesWall9"]
transform = Transform( 1, 0, 0, 0, 1, 0, 0, 0, 1, 3.70342, 3.11718, 3.66145 )
shape = SubResource( 44 )

[node name="CollisionShape3" type="CollisionShape" parent="Trees/TreesWall9"]
transform = Transform( 1, 0, 0, 0, 1, 0, 0, 0, 1, -6.52759, 3.11718, 2.92619 )
shape = SubResource( 44 )

[node name="CollisionShape2" type="CollisionShape" parent="Trees/TreesWall9"]
transform = Transform( 1, 0, 0, 0, 1, 0, 0, 0, 1, -1.61495, 3.11718, 5.94649 )
shape = SubResource( 44 )

[node name="TreesWall10" type="StaticBody" parent="Trees"]
transform = Transform( 0.118386, 0, -0.992968, 0, 1, 0, 0.992968, 0, 0.118386, 29.1561, 0, -3.69833 )

[node name="trees1" parent="Trees/TreesWall10" instance=ExtResource( 8 )]
transform = Transform( 2, 0, 0, 0, 2, 0, 0, 0, 2, -1.40967, 0.0500102, 4.23575 )

[node name="tree1" parent="Trees/TreesWall10/trees1/RootNode/Null" index="0"]
transform = Transform( 1, 0, 0, 0, 1, 0, 0, 0, 1, -0.178064, 0.0672159, 0.83353 )
material/0 = SubResource( 41 )

[node name="branches" parent="Trees/TreesWall10/trees1/RootNode/Null/tree1" index="0"]
material/0 = ExtResource( 7 )

[node name="tree2" parent="Trees/TreesWall10/trees1/RootNode/Null" index="1"]
material/0 = SubResource( 42 )

[node name="branches_2" parent="Trees/TreesWall10/trees1/RootNode/Null/tree2" index="0"]
material/0 = ExtResource( 7 )

[node name="tree3" parent="Trees/TreesWall10/trees1/RootNode/Null" index="2"]
transform = Transform( 0.518665, 0, -0.854977, 0, 1, 0, 0.854977, 0, 0.518665, -2.49112, -0.0300281, -0.706934 )
material/0 = SubResource( 43 )

[node name="branches_3" parent="Trees/TreesWall10/trees1/RootNode/Null/tree3" index="0"]
material/0 = ExtResource( 7 )

[node name="CollisionShape" type="CollisionShape" parent="Trees/TreesWall10"]
transform = Transform( 1, 0, 0, 0, 1, 0, 0, 0, 1, 3.70342, 3.11718, 3.66145 )
shape = SubResource( 44 )

[node name="CollisionShape3" type="CollisionShape" parent="Trees/TreesWall10"]
transform = Transform( 1, 0, 0, 0, 1, 0, 0, 0, 1, -6.52759, 3.11718, 2.92619 )
shape = SubResource( 44 )

[node name="CollisionShape2" type="CollisionShape" parent="Trees/TreesWall10"]
transform = Transform( 1, 0, 0, 0, 1, 0, 0, 0, 1, -1.61495, 3.11718, 5.94649 )
shape = SubResource( 44 )

[node name="TreesWall11" type="StaticBody" parent="Trees"]
transform = Transform( 0.118386, 0, -0.992968, 0, 1, 0, 0.992968, 0, 0.118386, 29.1561, 0, 10.4148 )

[node name="trees1" parent="Trees/TreesWall11" instance=ExtResource( 8 )]
transform = Transform( 2, 0, 0, 0, 2, 0, 0, 0, 2, -1.40967, 0.0500102, 4.23575 )

[node name="tree1" parent="Trees/TreesWall11/trees1/RootNode/Null" index="0"]
transform = Transform( 1, 0, 0, 0, 1, 0, 0, 0, 1, -0.178064, 0.0672159, 0.83353 )
material/0 = SubResource( 41 )

[node name="branches" parent="Trees/TreesWall11/trees1/RootNode/Null/tree1" index="0"]
material/0 = ExtResource( 7 )

[node name="tree2" parent="Trees/TreesWall11/trees1/RootNode/Null" index="1"]
material/0 = SubResource( 42 )

[node name="branches_2" parent="Trees/TreesWall11/trees1/RootNode/Null/tree2" index="0"]
material/0 = ExtResource( 7 )

[node name="tree3" parent="Trees/TreesWall11/trees1/RootNode/Null" index="2"]
transform = Transform( 0.518665, 0, -0.854977, 0, 1, 0, 0.854977, 0, 0.518665, -2.49112, -0.0300281, -0.706934 )
material/0 = SubResource( 43 )

[node name="branches_3" parent="Trees/TreesWall11/trees1/RootNode/Null/tree3" index="0"]
material/0 = ExtResource( 7 )

[node name="CollisionShape" type="CollisionShape" parent="Trees/TreesWall11"]
transform = Transform( 1, 0, 0, 0, 1, 0, 0, 0, 1, 3.70342, 3.11718, 3.66145 )
shape = SubResource( 44 )

[node name="CollisionShape3" type="CollisionShape" parent="Trees/TreesWall11"]
transform = Transform( 1, 0, 0, 0, 1, 0, 0, 0, 1, -6.52759, 3.11718, 2.92619 )
shape = SubResource( 44 )

[node name="CollisionShape2" type="CollisionShape" parent="Trees/TreesWall11"]
transform = Transform( 1, 0, 0, 0, 1, 0, 0, 0, 1, -1.61495, 3.11718, 5.94649 )
shape = SubResource( 44 )

[node name="TreesWall77" type="StaticBody" parent="Trees"]
transform = Transform( 0.118386, 0, -0.992968, 0, 1, 0, 0.992968, 0, 0.118386, 34.034, 0, 11.7714 )

[node name="trees1" parent="Trees/TreesWall77" instance=ExtResource( 8 )]
transform = Transform( 2, 0, 0, 0, 2, 0, 0, 0, 2, -1.40967, 0.0500102, 4.23575 )

[node name="tree1" parent="Trees/TreesWall77/trees1/RootNode/Null" index="0"]
transform = Transform( 1, 0, 0, 0, 1, 0, 0, 0, 1, -0.178064, 0.0672159, 0.83353 )
material/0 = SubResource( 41 )

[node name="branches" parent="Trees/TreesWall77/trees1/RootNode/Null/tree1" index="0"]
material/0 = ExtResource( 7 )

[node name="tree2" parent="Trees/TreesWall77/trees1/RootNode/Null" index="1"]
material/0 = SubResource( 42 )

[node name="branches_2" parent="Trees/TreesWall77/trees1/RootNode/Null/tree2" index="0"]
material/0 = ExtResource( 7 )

[node name="tree3" parent="Trees/TreesWall77/trees1/RootNode/Null" index="2"]
transform = Transform( 0.518665, 0, -0.854977, 0, 1, 0, 0.854977, 0, 0.518665, -2.49112, -0.0300281, -0.706934 )
material/0 = SubResource( 43 )

[node name="branches_3" parent="Trees/TreesWall77/trees1/RootNode/Null/tree3" index="0"]
material/0 = ExtResource( 7 )

[node name="CollisionShape" type="CollisionShape" parent="Trees/TreesWall77"]
transform = Transform( 1, 0, 0, 0, 1, 0, 0, 0, 1, 3.70342, 3.11718, 3.66145 )
shape = SubResource( 44 )

[node name="CollisionShape3" type="CollisionShape" parent="Trees/TreesWall77"]
transform = Transform( 1, 0, 0, 0, 1, 0, 0, 0, 1, -6.52759, 3.11718, 2.92619 )
shape = SubResource( 44 )

[node name="CollisionShape2" type="CollisionShape" parent="Trees/TreesWall77"]
transform = Transform( 1, 0, 0, 0, 1, 0, 0, 0, 1, -1.61495, 3.11718, 5.94649 )
shape = SubResource( 44 )

[node name="TreesWall78" type="StaticBody" parent="Trees"]
transform = Transform( 0.118386, 0, -0.992968, 0, 1, 0, 0.992968, 0, 0.118386, 29.8254, 0, 3.44817 )

[node name="trees1" parent="Trees/TreesWall78" instance=ExtResource( 8 )]
transform = Transform( 2, 0, 0, 0, 2, 0, 0, 0, 2, -1.40967, 0.0500102, 4.23575 )

[node name="tree1" parent="Trees/TreesWall78/trees1/RootNode/Null" index="0"]
transform = Transform( 1, 0, 0, 0, 1, 0, 0, 0, 1, -0.178064, 0.0672159, 0.83353 )
material/0 = SubResource( 41 )

[node name="branches" parent="Trees/TreesWall78/trees1/RootNode/Null/tree1" index="0"]
material/0 = ExtResource( 7 )

[node name="tree2" parent="Trees/TreesWall78/trees1/RootNode/Null" index="1"]
material/0 = SubResource( 42 )

[node name="branches_2" parent="Trees/TreesWall78/trees1/RootNode/Null/tree2" index="0"]
material/0 = ExtResource( 7 )

[node name="tree3" parent="Trees/TreesWall78/trees1/RootNode/Null" index="2"]
transform = Transform( 0.518665, 0, -0.854977, 0, 1, 0, 0.854977, 0, 0.518665, -2.49112, -0.0300281, -0.706934 )
material/0 = SubResource( 43 )

[node name="branches_3" parent="Trees/TreesWall78/trees1/RootNode/Null/tree3" index="0"]
material/0 = ExtResource( 7 )

[node name="CollisionShape" type="CollisionShape" parent="Trees/TreesWall78"]
transform = Transform( 1, 0, 0, 0, 1, 0, 0, 0, 1, 3.70342, 3.11718, 3.66145 )
shape = SubResource( 44 )

