[gd_scene load_steps=26 format=3 uid="uid://ua46kkaty47p"]

[ext_resource type="Script" path="res://Scripts/back_text.gd" id="1"]
[ext_resource type="Texture2D" uid="uid://bhmnnnmtmnn8o" path="res://Textures/grass.jpg" id="2"]
[ext_resource type="ArrayMesh" uid="uid://bqidpfacm5l7n" path="res://3DModels/start_text.obj" id="3"]
[ext_resource type="Script" path="res://Scripts/quit_text.gd" id="4"]
[ext_resource type="PackedScene" path="res://Prefabs/Tree.tscn" id="6"]
[ext_resource type="Material" path="res://Materials/quit_button.tres" id="7"]
[ext_resource type="ArrayMesh" uid="uid://cnlsh6pata5xl" path="res://3DModels/quit_text.obj" id="8"]
[ext_resource type="ArrayMesh" uid="uid://nqm1n5csxi6m" path="res://3DModels/achives_text.obj" id="9"]
[ext_resource type="ArrayMesh" uid="uid://55630i16o0vb" path="res://3DModels/credits_text.obj" id="10"]
[ext_resource type="Material" path="res://Materials/achives_button.tres" id="11"]
[ext_resource type="Material" path="res://Materials/start_button.tres" id="12"]
[ext_resource type="PackedScene" uid="uid://b3cic85vebbay" path="res://3DModels/car.fbx" id="14"]
[ext_resource type="Script" path="res://Scripts/credits_text.gd" id="15"]
[ext_resource type="Script" path="res://Scripts/Start_Button.gd" id="19"]
[ext_resource type="PackedScene" path="res://3DModels/Trees/trees1.fbx" id="20"]
[ext_resource type="AudioStream" uid="uid://3yi5ryybxn80" path="res://Sounds/dsplpain.wav" id="28"]

[sub_resource type="StandardMaterial3D" id="StandardMaterial3D_rk1m4"]
albedo_texture = ExtResource("2")

[sub_resource type="BoxMesh" id="1"]

[sub_resource type="StandardMaterial3D" id="StandardMaterial3D_jyqfe"]
albedo_texture = ExtResource("2")
uv1_scale = Vector3(10, 10, 10)

[sub_resource type="BoxShape3D" id="26"]

[sub_resource type="CylinderShape3D" id="44"]
height = 5.93639
radius = 1.78707

[sub_resource type="ConvexPolygonShape3D" id="62"]
points = PackedVector3Array(0.493813, -0.1, -1.382, 0.493813, 0.1, -1.382, 0.519932, -0.1, -1.38145, 0.432991, -0.1, -1.37912, 0.519932, 0.1, -1.38145, 0.432991, 0.1, -1.37912, 0.545679, -0.1, -1.3794, 0.376273, -0.1, -1.37049, 0.545679, 0.1, -1.3794, 0.376273, 0.1, -1.37049, 3.56177, -0.1, -1.08408, 0.323661, -0.1, -1.35637, 3.56177, 0.1, -1.08408, 0.323661, 0.1, -1.35637, 3.84573, -0.1, -0.898112, 0.275525, -0.1, -1.33705, 3.84573, 0.1, -0.898112, 0.275525, 0.1, -1.33705, 3.89163, -0.1, -0.208116, 0.231868, -0.1, -1.31266, 3.89163, 0.1, -0.208116, 0.231868, 0.1, -1.31266, 3.89163, -0.1, -0.0420234, 0.193061, -0.1, -1.28333, 3.89163, 0.1, -0.0420234, 0.193061, 0.1, -1.28333, 3.87558, -0.1, -0.0338011, 0.159479, -0.1, -1.24948, 3.87558, 0.1, -0.0338011, 0.159479, 0.1, -1.24948, 3.85842, -0.1, -0.0258527, 0.131493, -0.1, -1.21111, 3.85842, 0.1, -0.0258527, 0.131493, 0.1, -1.21111, 3.84013, -0.1, -0.0183156, 0.109478, -0.1, -1.16863, 3.84013, 0.1, -0.0183156, 0.109478, 0.1, -1.16863, 3.8211, -0.1, -0.0114635, 0.0930599, -0.1, -1.12217, 3.8211, 0.1, -0.0114635, 0.0930599, 0.1, -1.12217, 3.8017, -0.1, -0.00502264, 0.0833583, -0.1, -1.07188, 3.8017, 0.1, -0.00502264, 0.0833583, 0.1, -1.07188, 3.7823, -0.1, 0.000733018, 0.08, -0.1, -1.01802, 3.7823, 0.1, 0.000733018, 0.08, 0.1, -1.01802, 3.76289, -0.1, 0.00566649, 0.0878359, -0.1, -0.108077, 3.76289, 0.1, 0.00566649, 0.0878359, 0.1, -0.108077, 3.74386, -0.1, 0.00991476, 0.116568, -0.1, -0.0875207, 3.74386, 0.1, 0.00991476, 0.116568, 0.1, -0.0875207, 3.72521, -0.1, 0.0133407, 0.1453, -0.1, -0.0688833, 3.72521, 0.1, 0.0133407, 0.1453, 0.1, -0.0688833, 3.70767, -0.1, 0.0158074, 0.174778, -0.1, -0.0521644, 3.70767, 0.1, 0.0158074, 0.174778, 0.1, -0.0521644, 3.69088, -0.1, 0.0174519, 0.204629, -0.1, -0.037227, 3.69088, 0.1, 0.0174519, 0.204629, 0.1, -0.037227, 3.67595, -0.1, 0.017863, 0.234853, -0.1, -0.0240712, 3.67595, 0.1, 0.017863, 0.234853, 0.1, -0.0240712, 0.469932, -0.1, 0.017863, 0.266197, -0.1, -0.012834, 0.469932, 0.1, 0.017863, 0.266197, 0.1, -0.012834, 0.433364, -0.1, 0.0170407, 0.297914, -0.1, -0.00337815, 0.433364, 0.1, 0.0170407, 0.297914, 0.1, -0.00337815, 0.397915, -0.1, 0.0145741, 0.330377, -0.1, 0.00443316, 0.397915, 0.1, 0.0145741, 0.330377, 0.1, 0.00443316, 0.363587, -0.1, 0.0103258, 0.363587, 0.1, 0.0103258)

[sub_resource type="ConvexPolygonShape3D" id="63"]
points = PackedVector3Array(0.585422, -0.1, -1.372, 0.585422, 0.1, -1.372, 0.723772, -0.1, -1.372, 0, -0.1, -9.60827e-05, 0.723772, 0.1, -1.372, 0, 0.1, -9.60827e-05, 2.50964, -0.1, -1.36411, 1.87166, -0.1, 0.018, 2.50964, 0.1, -1.36411, 1.87166, 0.1, 0.018, 3.44426, -0.1, -1.27512, 5.87597, -0.1, 0.018, 3.44426, 0.1, -1.27512, 5.87597, 0.1, 0.018, 5.92913, -0.1, -0.911569, 5.91705, -0.1, 0.015823, 5.92913, 0.1, -0.911569, 5.91705, 0.1, 0.015823, 5.95088, -0.1, -0.908032, 5.95692, -0.1, 0.00929213, 5.95088, 0.1, -0.908032, 5.95692, 0.1, 0.00929213, 5.97203, -0.1, -0.903406, 5.99378, -0.1, -0.00104856, 5.97203, 0.1, -0.903406, 5.99378, 0.1, -0.00104856, 5.99378, -0.1, -0.897827, 6.02821, -0.1, -0.015335, 5.99378, 0.1, -0.897827, 6.02821, 0.1, -0.015335, 6.01613, -0.1, -0.89116, 6.05963, -0.1, -0.0334311, 6.01613, 0.1, -0.89116, 6.05963, 0.1, -0.0334311, 6.03788, -0.1, -0.883541, 6.08742, -0.1, -0.0547926, 6.03788, 0.1, -0.883541, 6.08742, 0.1, -0.0547926, 6.06084, -0.1, -0.874697, 6.11219, -0.1, -0.0795559, 6.06084, 0.1, -0.874697, 6.11219, 0.1, -0.0795559, 6.08319, -0.1, -0.8649, 6.13273, -0.1, -0.107448, 6.08319, 0.1, -0.8649, 6.13273, 0.1, -0.107448, 6.10615, -0.1, -0.854015, 6.14965, -0.1, -0.138198, 6.10615, 0.1, -0.854015, 6.14965, 0.1, -0.138198, 6.12971, -0.1, -0.842042, 6.16173, -0.1, -0.171669, 6.12971, 0.1, -0.842042, 6.16173, 0.1, -0.171669, 6.17079, -0.1, -0.268545, 6.16898, -0.1, -0.207725, 6.17079, 0.1, -0.268545, 6.16898, 0.1, -0.207725, 6.172, -0.1, -0.246095, 6.172, 0.1, -0.246095)

[sub_resource type="ConvexPolygonShape3D" id="64"]
points = PackedVector3Array(0.841938, -0.1, -1.382, 0.73416, -0.1, -1.37615, 0.841938, 0.1, -1.382, 2.86573, -0.1, -1.27606, 0.63247, -0.1, -1.35876, 0.73416, 0.1, -1.37615, 2.86573, 0.1, -1.27606, 2.88005, -0.1, -1.27508, 0.63247, 0.1, -1.35876, 0.53794, -0.1, -1.33065, 2.88005, 0.1, -1.27508, 2.89365, -0.1, -1.27232, 0.53794, 0.1, -1.33065, 0.450572, -0.1, -1.29214, 2.89365, 0.1, -1.27232, 2.9069, -0.1, -1.26761, 0.450572, 0.1, -1.29214, 0.371082, -0.1, -1.24388, 2.9069, 0.1, -1.26761, 3.41786, -0.1, -1.08416, 0.371082, 0.1, -1.24388, 0.300185, -0.1, -1.18652, 3.41786, 0.1, -1.08416, 3.70181, -0.1, -0.898104, 0.300185, 0.1, -1.18652, 0.238239, -0.1, -1.12055, 3.70181, 0.1, -0.898104, 3.748, -0.1, -0.208008, 0.238239, 0.1, -1.12055, 0.186678, -0.1, -1.04662, 3.748, 0.1, -0.208008, 3.748, -0.1, -0.0421057, 0.186678, 0.1, -1.04662, 0.145142, -0.1, -0.965213, 3.748, 0.1, -0.0421057, 3.73153, -0.1, -0.0338187, 0.145142, 0.1, -0.965213, 0.114707, -0.1, -0.87698, 3.73153, 0.1, -0.0338187, 3.71434, -0.1, -0.0258567, 0.114707, 0.1, -0.87698, 0.0960871, -0.1, -0.782411, 3.71434, 0.1, -0.0258567, 3.69608, -0.1, -0.0183822, 0.0960871, 0.1, -0.782411, 0.09, -0.1, -0.682155, 3.69608, 0.1, -0.0183822, 3.6771, -0.1, -0.0113951, 0.09, 0.1, -0.682155, 0.0946549, -0.1, -0.598472, 3.6771, 0.1, -0.0113951, 3.65777, -0.1, -0.00505793, 0.0946549, 0.1, -0.598472, 0.108619, -0.1, -0.517877, 3.65777, 0.1, -0.00505793, 3.63843, -0.1, 0.000629187, 0.108619, 0.1, -0.517877, 0.131536, -0.1, -0.441019, 3.63843, 0.1, 0.000629187, 3.61874, -0.1, 0.00566638, 0.131536, 0.1, -0.441019, 0.163045, -0.1, -0.368386, 3.61874, 0.1, 0.00566638, 3.59976, -0.1, 0.00989115, 0.163045, 0.1, -0.368386, 0.202433, -0.1, -0.300303, 3.59976, 0.1, 0.00989115, 3.5815, -0.1, 0.0133034, 0.202433, 0.1, -0.300303, 0.248981, -0.1, -0.237581, 3.5815, 0.1, 0.0133034, 3.5636, -0.1, 0.0159032, 0.248981, 0.1, -0.237581, 0.303049, -0.1, -0.180547, 3.5636, 0.1, 0.0159032, 1.33177, -0.1, 0.278, 0.303049, 0.1, -0.180547, 0.363204, -0.1, -0.12985, 1.33177, 0.1, 0.278, 1.26696, -0.1, 0.27085, 0.363204, 0.1, -0.12985, 0.429804, -0.1, -0.0858155, 1.26696, 0.1, 0.27085, 1.20358, -0.1, 0.260126, 0.429804, 0.1, -0.0858155, 0.502134, -0.1, -0.0492553, 1.20358, 0.1, 0.260126, 1.14236, -0.1, 0.245664, 0.502134, 0.1, -0.0492553, 0.914625, -0.1, 0.15792, 1.14236, 0.1, 0.245664, 1.08292, -0.1, 0.228115, 0.914625, 0.1, 0.15792, 0.969051, -0.1, 0.183918, 1.08292, 0.1, 0.228115, 1.02527, -0.1, 0.207317, 0.969051, 0.1, 0.183918, 1.02527, 0.1, 0.207317)

[sub_resource type="ConvexPolygonShape3D" id="65"]
points = PackedVector3Array(0.421798, -0.16, -0.691, 0.368809, -0.16, -0.687917, 0.421798, 0.16, -0.691, 2.03391, -0.16, -0.682024, 0.318701, -0.16, -0.678803, 0.368809, 0.16, -0.687917, 2.03391, 0.16, -0.682024, 2.21677, -0.16, -0.636115, 0.318701, 0.16, -0.678803, 0.27176, -0.16, -0.664003, 2.21677, 0.16, -0.636115, 2.90101, -0.16, -0.448919, 0.27176, 0.16, -0.664003, 0.228563, -0.16, -0.643927, 2.90101, 0.16, -0.448919, 2.91196, -0.16, -0.445561, 0.228563, 0.16, -0.643927, 0.188822, -0.16, -0.61878, 2.91196, 0.16, -0.445561, 2.92319, -0.16, -0.441724, 0.188822, 0.16, -0.61878, 0.153401, -0.16, -0.589042, 2.92319, 0.16, -0.441724, 2.93442, -0.16, -0.437339, 0.153401, 0.16, -0.589042, 0.122587, -0.16, -0.554919, 2.93442, 0.16, -0.437339, 2.94565, -0.16, -0.432474, 0.122587, 0.16, -0.554919, 0.0966686, -0.16, -0.516822, 2.94565, 0.16, -0.432474, 2.95717, -0.16, -0.426993, 0.0966686, 0.16, -0.516822, 0.075646, -0.16, -0.475025, 2.95717, 0.16, -0.426993, 2.96898, -0.16, -0.421031, 0.075646, 0.16, -0.475025, 0.0603831, -0.16, -0.429939, 2.96898, 0.16, -0.421031, 2.98942, -0.16, -0.134275, 0.0603831, 0.16, -0.429939, 0.0511678, -0.16, -0.381838, 2.98942, 0.16, -0.134275, 2.99, -0.16, -0.123038, 0.0511678, 0.16, -0.381838, 0.048, -0.16, -0.331065, 2.99, 0.16, -0.123038, 2.98856, -0.16, -0.103852, 0.048, 0.16, -0.331065, 0.0503038, -0.16, -0.294338, 2.98856, 0.16, -0.103852, 2.98482, -0.16, -0.0858316, 0.0503038, 0.16, -0.294338, 0.0572153, -0.16, -0.256172, 2.98482, 0.16, -0.0858316, 2.97877, -0.16, -0.0691127, 0.0572153, 0.16, -0.256172, 0.0693105, -0.16, -0.217596, 2.97877, 0.16, -0.0691127, 2.97042, -0.16, -0.0536957, 0.0693105, 0.16, -0.217596, 0.0863013, -0.16, -0.179361, 2.97042, 0.16, -0.0536957, 2.96005, -0.16, -0.0397862, 0.0863013, 0.16, -0.179361, 0.108476, -0.16, -0.142292, 2.96005, 0.16, -0.0397862, 2.94767, -0.16, -0.0273841, 0.108476, 0.16, -0.142292, 0.135834, -0.16, -0.107415, 2.94767, 0.16, -0.0273841, 2.93356, -0.16, -0.016695, 0.135834, 0.16, -0.107415, 0.168663, -0.16, -0.0754851, 2.93356, 0.16, -0.016695, 2.91801, -0.16, -0.00771886, 0.168663, 0.16, -0.0754851, 0.206677, -0.16, -0.0473919, 2.91801, 0.16, -0.00771886, 2.90073, -0.16, -0.000524223, 0.206677, 0.16, -0.0473919, 0.25045, -0.16, -0.0240266, 2.90073, 0.16, -0.000524223, 2.8823, -0.16, 0.00468326, 0.25045, 0.16, -0.0240266, 0.299694, -0.16, -0.00627995, 2.8823, 0.16, 0.00468326, 2.86271, -0.16, 0.0079037, 0.299694, 0.16, -0.00627995, 0.354698, -0.16, 0.00502586, 2.86271, 0.16, 0.0079037, 2.84198, -0.16, 0.00893152, 0.354698, 0.16, 0.00502586, 0.41575, -0.16, 0.00893152, 2.84198, 0.16, 0.00893152, 0.41575, 0.16, 0.00893152)

[node name="Menu" type="Node3D"]

[node name="Sounds" type="AudioStreamPlayer" parent="."]
stream = ExtResource("28")

[node name="Grounds" type="Marker3D" parent="."]

[node name="Ground" type="StaticBody3D" parent="Grounds"]

[node name="MeshInstance3D" type="MeshInstance3D" parent="Grounds/Ground"]
transform = Transform3D(45, 0, 0, 0, 0.05, 0, 0, 0, 45, 0, 0, 0)
material_override = SubResource("StandardMaterial3D_rk1m4")
mesh = SubResource("1")
skeleton = NodePath("../..")
surface_material_override/0 = SubResource("StandardMaterial3D_jyqfe")

[node name="CollisionShape3D" type="CollisionShape3D" parent="Grounds/Ground"]
transform = Transform3D(45, 0, 0, 0, 0.05, 0, 0, 0, 45, 0, 0, 0)
shape = SubResource("26")

[node name="Trees" type="Marker3D" parent="."]

[node name="Tree6" parent="Trees" instance=ExtResource("6")]
transform = Transform3D(0.643536, 0, -0.765416, 0, 1, 0, 0.765416, 0, 0.643536, 16.8965, 0, 38.3372)

[node name="Tree7" parent="Trees" instance=ExtResource("6")]
transform = Transform3D(-0.329707, 0, -0.944083, 0, 1, 0, 0.944083, 0, -0.329707, 21.0143, 0, 29.0707)

[node name="Tree8" parent="Trees" instance=ExtResource("6")]
transform = Transform3D(-0.983083, 0, -0.183162, 0, 1, 0, 0.183162, 0, -0.983083, 21.0143, 0, 17.7895)

[node name="Tree9" parent="Trees" instance=ExtResource("6")]
transform = Transform3D(-0.983083, 0, -0.183162, 0, 1, 0, 0.183162, 0, -0.983083, 22.9211, 0, 5.67399)

[node name="Tree17" parent="Trees" instance=ExtResource("6")]
transform = Transform3D(-0.983083, 0, -0.183162, 0, 1, 0, 0.183162, 0, -0.983083, 24.8393, 0, -2.32601)

[node name="Tree10" parent="Trees" instance=ExtResource("6")]
transform = Transform3D(0.656336, 0, -0.754469, 0, 1, 0, 0.754469, 0, 0.656336, 18.3839, 0, -5.61047)

[node name="Tree11" parent="Trees" instance=ExtResource("6")]
transform = Transform3D(-0.735494, 0, -0.677531, 0, 1, 0, 0.677531, 0, -0.735494, 18.3839, 0, -15.9271)

[node name="TreesWall10" type="StaticBody3D" parent="Trees"]
transform = Transform3D(0.118386, 0, -0.992968, 0, 1, 0, 0.992968, 0, 0.118386, 29.1561, 0, -3.69833)

[node name="trees1" parent="Trees/TreesWall10" instance=ExtResource("20")]
transform = Transform3D(2, 0, 0, 0, 2, 0, 0, 0, 2, -1.40967, 0.0500102, 4.23575)

[node name="tree1" parent="Trees/TreesWall10/trees1/RootNode/Null" index="0"]
transform = Transform3D(1, 0, 0, 0, 1, 0, 0, 0, 1, -0.178064, 0.0672159, 0.83353)

[node name="tree3" parent="Trees/TreesWall10/trees1/RootNode/Null" index="2"]
transform = Transform3D(0.518665, 0, -0.854977, 0, 1, 0, 0.854977, 0, 0.518665, -2.49112, -0.0300281, -0.706934)

[node name="CollisionShape3D" type="CollisionShape3D" parent="Trees/TreesWall10"]
transform = Transform3D(1, 0, 0, 0, 1, 0, 0, 0, 1, 3.70342, 3.11718, 3.66145)
shape = SubResource("44")

[node name="CollisionShape3" type="CollisionShape3D" parent="Trees/TreesWall10"]
transform = Transform3D(1, 0, 0, 0, 1, 0, 0, 0, 1, -6.52759, 3.11718, 2.92619)
shape = SubResource("44")

[node name="CollisionShape2" type="CollisionShape3D" parent="Trees/TreesWall10"]
transform = Transform3D(1, 0, 0, 0, 1, 0, 0, 0, 1, -1.61495, 3.11718, 5.94649)
shape = SubResource("44")

[node name="TreesWall11" type="StaticBody3D" parent="Trees"]
transform = Transform3D(0.118386, 0, -0.992968, 0, 1, 0, 0.992968, 0, 0.118386, 29.1561, 0, 10.4148)

[node name="trees1" parent="Trees/TreesWall11" instance=ExtResource("20")]
transform = Transform3D(2, 0, 0, 0, 2, 0, 0, 0, 2, -1.40967, 0.0500102, 4.23575)

[node name="tree1" parent="Trees/TreesWall11/trees1/RootNode/Null" index="0"]
transform = Transform3D(1, 0, 0, 0, 1, 0, 0, 0, 1, -0.178064, 0.0672159, 0.83353)

[node name="tree3" parent="Trees/TreesWall11/trees1/RootNode/Null" index="2"]
transform = Transform3D(0.518665, 0, -0.854977, 0, 1, 0, 0.854977, 0, 0.518665, -2.49112, -0.0300281, -0.706934)

[node name="CollisionShape3D" type="CollisionShape3D" parent="Trees/TreesWall11"]
transform = Transform3D(1, 0, 0, 0, 1, 0, 0, 0, 1, 3.70342, 3.11718, 3.66145)
shape = SubResource("44")

[node name="CollisionShape3" type="CollisionShape3D" parent="Trees/TreesWall11"]
transform = Transform3D(1, 0, 0, 0, 1, 0, 0, 0, 1, -6.52759, 3.11718, 2.92619)
shape = SubResource("44")

[node name="CollisionShape2" type="CollisionShape3D" parent="Trees/TreesWall11"]
transform = Transform3D(1, 0, 0, 0, 1, 0, 0, 0, 1, -1.61495, 3.11718, 5.94649)
shape = SubResource("44")

[node name="TreesWall77" type="StaticBody3D" parent="Trees"]
transform = Transform3D(0.118386, 0, -0.992968, 0, 1, 0, 0.992968, 0, 0.118386, 34.034, 0, 11.7714)

[node name="trees1" parent="Trees/TreesWall77" instance=ExtResource("20")]
transform = Transform3D(2, 0, 0, 0, 2, 0, 0, 0, 2, -1.40967, 0.0500102, 4.23575)

[node name="tree1" parent="Trees/TreesWall77/trees1/RootNode/Null" index="0"]
transform = Transform3D(1, 0, 0, 0, 1, 0, 0, 0, 1, -0.178064, 0.0672159, 0.83353)

[node name="tree3" parent="Trees/TreesWall77/trees1/RootNode/Null" index="2"]
transform = Transform3D(0.518665, 0, -0.854977, 0, 1, 0, 0.854977, 0, 0.518665, -2.49112, -0.0300281, -0.706934)

[node name="CollisionShape3D" type="CollisionShape3D" parent="Trees/TreesWall77"]
transform = Transform3D(1, 0, 0, 0, 1, 0, 0, 0, 1, 3.70342, 3.11718, 3.66145)
shape = SubResource("44")

[node name="CollisionShape3" type="CollisionShape3D" parent="Trees/TreesWall77"]
transform = Transform3D(1, 0, 0, 0, 1, 0, 0, 0, 1, -6.52759, 3.11718, 2.92619)
shape = SubResource("44")

[node name="CollisionShape2" type="CollisionShape3D" parent="Trees/TreesWall77"]
transform = Transform3D(1, 0, 0, 0, 1, 0, 0, 0, 1, -1.61495, 3.11718, 5.94649)
shape = SubResource("44")

[node name="TreesWall78" type="StaticBody3D" parent="Trees"]
transform = Transform3D(0.118386, 0, -0.992968, 0, 1, 0, 0.992968, 0, 0.118386, 29.8254, 0, 3.44817)

[node name="trees1" parent="Trees/TreesWall78" instance=ExtResource("20")]
transform = Transform3D(2, 0, 0, 0, 2, 0, 0, 0, 2, -1.40967, 0.0500102, 4.23575)

[node name="tree1" parent="Trees/TreesWall78/trees1/RootNode/Null" index="0"]
transform = Transform3D(1, 0, 0, 0, 1, 0, 0, 0, 1, -0.178064, 0.0672159, 0.83353)

[node name="tree3" parent="Trees/TreesWall78/trees1/RootNode/Null" index="2"]
transform = Transform3D(0.518665, 0, -0.854977, 0, 1, 0, 0.854977, 0, 0.518665, -2.49112, -0.0300281, -0.706934)

[node name="CollisionShape3D" type="CollisionShape3D" parent="Trees/TreesWall78"]
transform = Transform3D(1, 0, 0, 0, 1, 0, 0, 0, 1, 3.70342, 3.11718, 3.66145)
shape = SubResource("44")

[node name="CollisionShape3" type="CollisionShape3D" parent="Trees/TreesWall78"]
transform = Transform3D(1, 0, 0, 0, 1, 0, 0, 0, 1, -6.52759, 3.11718, 2.92619)
shape = SubResource("44")

[node name="CollisionShape2" type="CollisionShape3D" parent="Trees/TreesWall78"]
transform = Transform3D(1, 0, 0, 0, 1, 0, 0, 0, 1, -1.61495, 3.11718, 5.94649)
shape = SubResource("44")

[node name="TreesWall79" type="StaticBody3D" parent="Trees"]
transform = Transform3D(0.118386, 0, -0.992968, 0, 1, 0, 0.992968, 0, 0.118386, 28.4959, 0, -7.55183)

[node name="trees1" parent="Trees/TreesWall79" instance=ExtResource("20")]
transform = Transform3D(2, 0, 0, 0, 2, 0, 0, 0, 2, -1.40967, 0.0500102, 4.23575)

[node name="tree1" parent="Trees/TreesWall79/trees1/RootNode/Null" index="0"]
transform = Transform3D(1, 0, 0, 0, 1, 0, 0, 0, 1, -0.178064, 0.0672159, 0.83353)

[node name="tree3" parent="Trees/TreesWall79/trees1/RootNode/Null" index="2"]
transform = Transform3D(0.518665, 0, -0.854977, 0, 1, 0, 0.854977, 0, 0.518665, -2.49112, -0.0300281, -0.706934)

[node name="CollisionShape3D" type="CollisionShape3D" parent="Trees/TreesWall79"]
transform = Transform3D(1, 0, 0, 0, 1, 0, 0, 0, 1, 3.70342, 3.11718, 3.66145)
shape = SubResource("44")

[node name="CollisionShape3" type="CollisionShape3D" parent="Trees/TreesWall79"]
transform = Transform3D(1, 0, 0, 0, 1, 0, 0, 0, 1, -6.52759, 3.11718, 2.92619)
shape = SubResource("44")

[node name="CollisionShape2" type="CollisionShape3D" parent="Trees/TreesWall79"]
transform = Transform3D(1, 0, 0, 0, 1, 0, 0, 0, 1, -1.61495, 3.11718, 5.94649)
shape = SubResource("44")

[node name="TreesWall80" type="StaticBody3D" parent="Trees"]
transform = Transform3D(0.118386, 0, -0.992968, 0, 1, 0, 0.992968, 0, 0.118386, 28.4959, 0, -10.6513)

[node name="trees1" parent="Trees/TreesWall80" instance=ExtResource("20")]
transform = Transform3D(2, 0, 0, 0, 2, 0, 0, 0, 2, -1.40967, 0.0500102, 4.23575)

[node name="tree1" parent="Trees/TreesWall80/trees1/RootNode/Null" index="0"]
transform = Transform3D(1, 0, 0, 0, 1, 0, 0, 0, 1, -0.178064, 0.0672159, 0.83353)

[node name="tree3" parent="Trees/TreesWall80/trees1/RootNode/Null" index="2"]
transform = Transform3D(0.518665, 0, -0.854977, 0, 1, 0, 0.854977, 0, 0.518665, -2.49112, -0.0300281, -0.706934)

[node name="CollisionShape3D" type="CollisionShape3D" parent="Trees/TreesWall80"]
transform = Transform3D(1, 0, 0, 0, 1, 0, 0, 0, 1, 3.70342, 3.11718, 3.66145)
shape = SubResource("44")

[node name="CollisionShape3" type="CollisionShape3D" parent="Trees/TreesWall80"]
transform = Transform3D(1, 0, 0, 0, 1, 0, 0, 0, 1, -6.52759, 3.11718, 2.92619)
shape = SubResource("44")

[node name="CollisionShape2" type="CollisionShape3D" parent="Trees/TreesWall80"]
transform = Transform3D(1, 0, 0, 0, 1, 0, 0, 0, 1, -1.61495, 3.11718, 5.94649)
shape = SubResource("44")

[node name="TreesWall12" type="StaticBody3D" parent="Trees"]
transform = Transform3D(0.118386, 0, -0.992968, 0, 1, 0, 0.992968, 0, 0.118386, 33.1092, 0, 25.4366)

[node name="trees1" parent="Trees/TreesWall12" instance=ExtResource("20")]
transform = Transform3D(2, 0, 0, 0, 2, 0, 0, 0, 2, -1.40967, 0.0500102, 4.23575)

[node name="tree1" parent="Trees/TreesWall12/trees1/RootNode/Null" index="0"]
transform = Transform3D(1, 0, 0, 0, 1, 0, 0, 0, 1, -0.178064, 0.0672159, 0.83353)

[node name="tree3" parent="Trees/TreesWall12/trees1/RootNode/Null" index="2"]
transform = Transform3D(0.518665, 0, -0.854977, 0, 1, 0, 0.854977, 0, 0.518665, -2.49112, -0.0300281, -0.706934)

[node name="CollisionShape3D" type="CollisionShape3D" parent="Trees/TreesWall12"]
transform = Transform3D(1, 0, 0, 0, 1, 0, 0, 0, 1, 3.70342, 3.11718, 3.66145)
shape = SubResource("44")

[node name="CollisionShape3" type="CollisionShape3D" parent="Trees/TreesWall12"]
transform = Transform3D(1, 0, 0, 0, 1, 0, 0, 0, 1, -6.52759, 3.11718, 2.92619)
shape = SubResource("44")

[node name="CollisionShape2" type="CollisionShape3D" parent="Trees/TreesWall12"]
transform = Transform3D(1, 0, 0, 0, 1, 0, 0, 0, 1, -1.61495, 3.11718, 5.94649)
shape = SubResource("44")

[node name="TreesWall13" type="StaticBody3D" parent="Trees"]
transform = Transform3D(0.118386, 0, -0.992968, 0, 1, 0, 0.992968, 0, 0.118386, 29.5057, 0, 38.4366)

[node name="trees1" parent="Trees/TreesWall13" instance=ExtResource("20")]
transform = Transform3D(2, 0, 0, 0, 2, 0, 0, 0, 2, -1.40967, 0.0500102, 4.23575)

[node name="tree1" parent="Trees/TreesWall13/trees1/RootNode/Null" index="0"]
transform = Transform3D(1, 0, 0, 0, 1, 0, 0, 0, 1, -0.178064, 0.0672159, 0.83353)

[node name="tree3" parent="Trees/TreesWall13/trees1/RootNode/Null" index="2"]
transform = Transform3D(0.518665, 0, -0.854977, 0, 1, 0, 0.854977, 0, 0.518665, -2.49112, -0.0300281, -0.706934)

[node name="CollisionShape3D" type="CollisionShape3D" parent="Trees/TreesWall13"]
transform = Transform3D(1, 0, 0, 0, 1, 0, 0, 0, 1, 3.70342, 3.11718, 3.66145)
shape = SubResource("44")

[node name="CollisionShape3" type="CollisionShape3D" parent="Trees/TreesWall13"]
transform = Transform3D(1, 0, 0, 0, 1, 0, 0, 0, 1, -6.52759, 3.11718, 2.92619)
shape = SubResource("44")

[node name="CollisionShape2" type="CollisionShape3D" parent="Trees/TreesWall13"]
transform = Transform3D(1, 0, 0, 0, 1, 0, 0, 0, 1, -1.61495, 3.11718, 5.94649)
shape = SubResource("44")

[node name="TreesWall16" type="StaticBody3D" parent="Trees"]
transform = Transform3D(-0.852394, 0, -0.5229, 0, 1, 0, 0.5229, 0, -0.852394, 34.8514, 0, 39.8089)

[node name="trees1" parent="Trees/TreesWall16" instance=ExtResource("20")]
transform = Transform3D(2, 0, 0, 0, 2, 0, 0, 0, 2, -1.40967, 0.0500102, 4.23575)

[node name="tree1" parent="Trees/TreesWall16/trees1/RootNode/Null" index="0"]
transform = Transform3D(1, 0, 0, 0, 1, 0, 0, 0, 1, -0.178064, 0.0672159, 0.83353)

[node name="tree3" parent="Trees/TreesWall16/trees1/RootNode/Null" index="2"]
transform = Transform3D(0.518665, 0, -0.854977, 0, 1, 0, 0.854977, 0, 0.518665, -2.49112, -0.0300281, -0.706934)

[node name="CollisionShape3D" type="CollisionShape3D" parent="Trees/TreesWall16"]
transform = Transform3D(1, 0, 0, 0, 1, 0, 0, 0, 1, 3.70342, 3.11718, 3.66145)
shape = SubResource("44")

[node name="CollisionShape3" type="CollisionShape3D" parent="Trees/TreesWall16"]
transform = Transform3D(1, 0, 0, 0, 1, 0, 0, 0, 1, -6.52759, 3.11718, 2.92619)
shape = SubResource("44")

[node name="CollisionShape2" type="CollisionShape3D" parent="Trees/TreesWall16"]
transform = Transform3D(1, 0, 0, 0, 1, 0, 0, 0, 1, -1.61495, 3.11718, 5.94649)
shape = SubResource("44")

[node name="TreesWall17" type="StaticBody3D" parent="Trees"]
transform = Transform3D(-0.0464092, 0, -0.998923, 0, 1, 0, 0.998923, 0, -0.0464092, 37.5616, 0, 22.3699)

[node name="trees1" parent="Trees/TreesWall17" instance=ExtResource("20")]
transform = Transform3D(2, 0, 0, 0, 2, 0, 0, 0, 2, -1.40967, 0.0500102, 4.23575)

[node name="tree1" parent="Trees/TreesWall17/trees1/RootNode/Null" index="0"]
transform = Transform3D(1, 0, 0, 0, 1, 0, 0, 0, 1, -0.178064, 0.0672159, 0.83353)

[node name="tree3" parent="Trees/TreesWall17/trees1/RootNode/Null" index="2"]
transform = Transform3D(0.518665, 0, -0.854977, 0, 1, 0, 0.854977, 0, 0.518665, -2.49112, -0.0300281, -0.706934)

[node name="CollisionShape3D" type="CollisionShape3D" parent="Trees/TreesWall17"]
transform = Transform3D(1, 0, 0, 0, 1, 0, 0, 0, 1, 3.70342, 3.11718, 3.66145)
shape = SubResource("44")

[node name="CollisionShape3" type="CollisionShape3D" parent="Trees/TreesWall17"]
transform = Transform3D(1, 0, 0, 0, 1, 0, 0, 0, 1, -6.52759, 3.11718, 2.92619)
shape = SubResource("44")

[node name="CollisionShape2" type="CollisionShape3D" parent="Trees/TreesWall17"]
transform = Transform3D(1, 0, 0, 0, 1, 0, 0, 0, 1, -1.61495, 3.11718, 5.94649)
shape = SubResource("44")

[node name="TreesWall18" type="StaticBody3D" parent="Trees"]
transform = Transform3D(-0.0464092, 0, -0.998923, 0, 1, 0, 0.998923, 0, -0.0464092, 35.1414, 0, 8.31273)

[node name="trees1" parent="Trees/TreesWall18" instance=ExtResource("20")]
transform = Transform3D(2, 0, 0, 0, 2, 0, 0, 0, 2, -1.40967, 0.0500102, 4.23575)

[node name="tree1" parent="Trees/TreesWall18/trees1/RootNode/Null" index="0"]
transform = Transform3D(1, 0, 0, 0, 1, 0, 0, 0, 1, -0.178064, 0.0672159, 0.83353)

[node name="tree3" parent="Trees/TreesWall18/trees1/RootNode/Null" index="2"]
transform = Transform3D(0.518665, 0, -0.854977, 0, 1, 0, 0.854977, 0, 0.518665, -2.49112, -0.0300281, -0.706934)

[node name="CollisionShape3D" type="CollisionShape3D" parent="Trees/TreesWall18"]
transform = Transform3D(1, 0, 0, 0, 1, 0, 0, 0, 1, 3.70342, 3.11718, 3.66145)
shape = SubResource("44")

[node name="CollisionShape3" type="CollisionShape3D" parent="Trees/TreesWall18"]
transform = Transform3D(1, 0, 0, 0, 1, 0, 0, 0, 1, -6.52759, 3.11718, 2.92619)
shape = SubResource("44")

[node name="CollisionShape2" type="CollisionShape3D" parent="Trees/TreesWall18"]
transform = Transform3D(1, 0, 0, 0, 1, 0, 0, 0, 1, -1.61495, 3.11718, 5.94649)
shape = SubResource("44")

[node name="TreesWall19" type="StaticBody3D" parent="Trees"]
transform = Transform3D(-0.381135, 0, -0.924519, 0, 1, 0, 0.924519, 0, -0.381135, 34.0527, 0, -7.15721)

[node name="trees1" parent="Trees/TreesWall19" instance=ExtResource("20")]
transform = Transform3D(2, 0, 0, 0, 2, 0, 0, 0, 2, -1.40967, 0.0500102, 4.23575)

[node name="tree1" parent="Trees/TreesWall19/trees1/RootNode/Null" index="0"]
transform = Transform3D(1, 0, 0, 0, 1, 0, 0, 0, 1, -0.178064, 0.0672159, 0.83353)

[node name="tree3" parent="Trees/TreesWall19/trees1/RootNode/Null" index="2"]
transform = Transform3D(0.518665, 0, -0.854977, 0, 1, 0, 0.854977, 0, 0.518665, -2.49112, -0.0300281, -0.706934)

[node name="CollisionShape3D" type="CollisionShape3D" parent="Trees/TreesWall19"]
transform = Transform3D(1, 0, 0, 0, 1, 0, 0, 0, 1, 3.70342, 3.11718, 3.66145)
shape = SubResource("44")

[node name="CollisionShape3" type="CollisionShape3D" parent="Trees/TreesWall19"]
transform = Transform3D(1, 0, 0, 0, 1, 0, 0, 0, 1, -6.52759, 3.11718, 2.92619)
shape = SubResource("44")

[node name="CollisionShape2" type="CollisionShape3D" parent="Trees/TreesWall19"]
transform = Transform3D(1, 0, 0, 0, 1, 0, 0, 0, 1, -1.61495, 3.11718, 5.94649)
shape = SubResource("44")

[node name="TreesWall44" type="StaticBody3D" parent="Trees"]
transform = Transform3D(0.388465, 0, -0.921464, 0, 1, 0, 0.921464, 0, 0.388465, 44.3389, 0, -36.1127)

[node name="trees1" parent="Trees/TreesWall44" instance=ExtResource("20")]
transform = Transform3D(2, 0, 0, 0, 2, 0, 0, 0, 2, -1.40967, 0.0500102, 4.23575)

[node name="tree1" parent="Trees/TreesWall44/trees1/RootNode/Null" index="0"]
transform = Transform3D(1, 0, 0, 0, 1, 0, 0, 0, 1, -0.178064, 0.0672159, 0.83353)

[node name="tree3" parent="Trees/TreesWall44/trees1/RootNode/Null" index="2"]
transform = Transform3D(0.518665, 0, -0.854977, 0, 1, 0, 0.854977, 0, 0.518665, -2.49112, -0.0300281, -0.706934)

[node name="CollisionShape3D" type="CollisionShape3D" parent="Trees/TreesWall44"]
transform = Transform3D(1, 0, 0, 0, 1, 0, 0, 0, 1, 3.70342, 3.11718, 3.66145)
shape = SubResource("44")

[node name="CollisionShape3" type="CollisionShape3D" parent="Trees/TreesWall44"]
transform = Transform3D(1, 0, 0, 0, 1, 0, 0, 0, 1, -6.52759, 3.11718, 2.92619)
shape = SubResource("44")

[node name="CollisionShape2" type="CollisionShape3D" parent="Trees/TreesWall44"]
transform = Transform3D(1, 0, 0, 0, 1, 0, 0, 0, 1, -1.61495, 3.11718, 5.94649)
shape = SubResource("44")

[node name="TreesWall45" type="StaticBody3D" parent="Trees"]
transform = Transform3D(0.388465, 0, -0.921464, 0, 1, 0, 0.921464, 0, 0.388465, 44.3389, 0, -25.1127)

[node name="trees1" parent="Trees/TreesWall45" instance=ExtResource("20")]
transform = Transform3D(2, 0, 0, 0, 2, 0, 0, 0, 2, -1.40967, 0.0500102, 4.23575)

[node name="tree1" parent="Trees/TreesWall45/trees1/RootNode/Null" index="0"]
transform = Transform3D(1, 0, 0, 0, 1, 0, 0, 0, 1, -0.178064, 0.0672159, 0.83353)

[node name="tree3" parent="Trees/TreesWall45/trees1/RootNode/Null" index="2"]
transform = Transform3D(0.518665, 0, -0.854977, 0, 1, 0, 0.854977, 0, 0.518665, -2.49112, -0.0300281, -0.706934)

[node name="CollisionShape3D" type="CollisionShape3D" parent="Trees/TreesWall45"]
transform = Transform3D(1, 0, 0, 0, 1, 0, 0, 0, 1, 3.70342, 3.11718, 3.66145)
shape = SubResource("44")

[node name="CollisionShape3" type="CollisionShape3D" parent="Trees/TreesWall45"]
transform = Transform3D(1, 0, 0, 0, 1, 0, 0, 0, 1, -6.52759, 3.11718, 2.92619)
shape = SubResource("44")

[node name="CollisionShape2" type="CollisionShape3D" parent="Trees/TreesWall45"]
transform = Transform3D(1, 0, 0, 0, 1, 0, 0, 0, 1, -1.61495, 3.11718, 5.94649)
shape = SubResource("44")

[node name="TreesWall46" type="StaticBody3D" parent="Trees"]
transform = Transform3D(-0.0332077, 0, -0.999449, 0, 1, 0, 0.999449, 0, -0.0332077, 43.8365, 0, -10.8023)

[node name="trees1" parent="Trees/TreesWall46" instance=ExtResource("20")]
transform = Transform3D(2, 0, 0, 0, 2, 0, 0, 0, 2, -1.40967, 0.0500102, 4.23575)

[node name="tree1" parent="Trees/TreesWall46/trees1/RootNode/Null" index="0"]
transform = Transform3D(1, 0, 0, 0, 1, 0, 0, 0, 1, -0.178064, 0.0672159, 0.83353)

[node name="tree3" parent="Trees/TreesWall46/trees1/RootNode/Null" index="2"]
transform = Transform3D(0.518665, 0, -0.854977, 0, 1, 0, 0.854977, 0, 0.518665, -2.49112, -0.0300281, -0.706934)

[node name="CollisionShape3D" type="CollisionShape3D" parent="Trees/TreesWall46"]
transform = Transform3D(1, 0, 0, 0, 1, 0, 0, 0, 1, 3.70342, 3.11718, 3.66145)
shape = SubResource("44")

[node name="CollisionShape3" type="CollisionShape3D" parent="Trees/TreesWall46"]
transform = Transform3D(1, 0, 0, 0, 1, 0, 0, 0, 1, -6.52759, 3.11718, 2.92619)
shape = SubResource("44")

[node name="CollisionShape2" type="CollisionShape3D" parent="Trees/TreesWall46"]
transform = Transform3D(1, 0, 0, 0, 1, 0, 0, 0, 1, -1.61495, 3.11718, 5.94649)
shape = SubResource("44")

[node name="TreesWall47" type="StaticBody3D" parent="Trees"]
transform = Transform3D(-0.0332077, 0, -0.999449, 0, 1, 0, 0.999449, 0, -0.0332077, 37.1119, 0, -6.20888)

[node name="trees1" parent="Trees/TreesWall47" instance=ExtResource("20")]
transform = Transform3D(2, 0, 0, 0, 2, 0, 0, 0, 2, -1.40967, 0.0500102, 4.23575)

[node name="tree1" parent="Trees/TreesWall47/trees1/RootNode/Null" index="0"]
transform = Transform3D(1, 0, 0, 0, 1, 0, 0, 0, 1, -0.178064, 0.0672159, 0.83353)

[node name="tree3" parent="Trees/TreesWall47/trees1/RootNode/Null" index="2"]
transform = Transform3D(0.518665, 0, -0.854977, 0, 1, 0, 0.854977, 0, 0.518665, -2.49112, -0.0300281, -0.706934)

[node name="CollisionShape3D" type="CollisionShape3D" parent="Trees/TreesWall47"]
transform = Transform3D(1, 0, 0, 0, 1, 0, 0, 0, 1, 3.70342, 3.11718, 3.66145)
shape = SubResource("44")

[node name="CollisionShape3" type="CollisionShape3D" parent="Trees/TreesWall47"]
transform = Transform3D(1, 0, 0, 0, 1, 0, 0, 0, 1, -6.52759, 3.11718, 2.92619)
shape = SubResource("44")

[node name="CollisionShape2" type="CollisionShape3D" parent="Trees/TreesWall47"]
transform = Transform3D(1, 0, 0, 0, 1, 0, 0, 0, 1, -1.61495, 3.11718, 5.94649)
shape = SubResource("44")

[node name="TreesWall48" type="StaticBody3D" parent="Trees"]
transform = Transform3D(0.209806, 0, -0.977743, 0, 1, 0, 0.977743, 0, 0.209806, 37.1119, 0, 9.79112)

[node name="trees1" parent="Trees/TreesWall48" instance=ExtResource("20")]
transform = Transform3D(2, 0, 0, 0, 2, 0, 0, 0, 2, -1.40967, 0.0500102, 4.23575)

[node name="tree1" parent="Trees/TreesWall48/trees1/RootNode/Null" index="0"]
transform = Transform3D(1, 0, 0, 0, 1, 0, 0, 0, 1, -0.178064, 0.0672159, 0.83353)

[node name="tree3" parent="Trees/TreesWall48/trees1/RootNode/Null" index="2"]
transform = Transform3D(0.518665, 0, -0.854977, 0, 1, 0, 0.854977, 0, 0.518665, -2.49112, -0.0300281, -0.706934)

[node name="CollisionShape3D" type="CollisionShape3D" parent="Trees/TreesWall48"]
transform = Transform3D(1, 0, 0, 0, 1, 0, 0, 0, 1, 3.70342, 3.11718, 3.66145)
shape = SubResource("44")

[node name="CollisionShape3" type="CollisionShape3D" parent="Trees/TreesWall48"]
transform = Transform3D(1, 0, 0, 0, 1, 0, 0, 0, 1, -6.52759, 3.11718, 2.92619)
shape = SubResource("44")

[node name="CollisionShape2" type="CollisionShape3D" parent="Trees/TreesWall48"]
transform = Transform3D(1, 0, 0, 0, 1, 0, 0, 0, 1, -1.61495, 3.11718, 5.94649)
shape = SubResource("44")

[node name="TreesWall49" type="StaticBody3D" parent="Trees"]
transform = Transform3D(0.209806, 0, -0.977743, 0, 1, 0, 0.977743, 0, 0.209806, 41.7714, 0, 9.79112)

[node name="trees1" parent="Trees/TreesWall49" instance=ExtResource("20")]
transform = Transform3D(2, 0, 0, 0, 2, 0, 0, 0, 2, -1.40967, 0.0500102, 4.23575)

[node name="tree1" parent="Trees/TreesWall49/trees1/RootNode/Null" index="0"]
transform = Transform3D(1, 0, 0, 0, 1, 0, 0, 0, 1, -0.178064, 0.0672159, 0.83353)

[node name="tree3" parent="Trees/TreesWall49/trees1/RootNode/Null" index="2"]
transform = Transform3D(0.518665, 0, -0.854977, 0, 1, 0, 0.854977, 0, 0.518665, -2.49112, -0.0300281, -0.706934)

[node name="CollisionShape3D" type="CollisionShape3D" parent="Trees/TreesWall49"]
transform = Transform3D(1, 0, 0, 0, 1, 0, 0, 0, 1, 3.70342, 3.11718, 3.66145)
shape = SubResource("44")

[node name="CollisionShape3" type="CollisionShape3D" parent="Trees/TreesWall49"]
transform = Transform3D(1, 0, 0, 0, 1, 0, 0, 0, 1, -6.52759, 3.11718, 2.92619)
shape = SubResource("44")

[node name="CollisionShape2" type="CollisionShape3D" parent="Trees/TreesWall49"]
transform = Transform3D(1, 0, 0, 0, 1, 0, 0, 0, 1, -1.61495, 3.11718, 5.94649)
shape = SubResource("44")

[node name="TreesWall50" type="StaticBody3D" parent="Trees"]
transform = Transform3D(0.209806, 0, -0.977743, 0, 1, 0, 0.977743, 0, 0.209806, 43.2021, 0, 1.79112)

[node name="trees1" parent="Trees/TreesWall50" instance=ExtResource("20")]
transform = Transform3D(2, 0, 0, 0, 2, 0, 0, 0, 2, -1.40967, 0.0500102, 4.23575)

[node name="tree1" parent="Trees/TreesWall50/trees1/RootNode/Null" index="0"]
transform = Transform3D(1, 0, 0, 0, 1, 0, 0, 0, 1, -0.178064, 0.0672159, 0.83353)

[node name="tree3" parent="Trees/TreesWall50/trees1/RootNode/Null" index="2"]
transform = Transform3D(0.518665, 0, -0.854977, 0, 1, 0, 0.854977, 0, 0.518665, -2.49112, -0.0300281, -0.706934)

[node name="CollisionShape3D" type="CollisionShape3D" parent="Trees/TreesWall50"]
transform = Transform3D(1, 0, 0, 0, 1, 0, 0, 0, 1, 3.70342, 3.11718, 3.66145)
shape = SubResource("44")

[node name="CollisionShape3" type="CollisionShape3D" parent="Trees/TreesWall50"]
transform = Transform3D(1, 0, 0, 0, 1, 0, 0, 0, 1, -6.52759, 3.11718, 2.92619)
shape = SubResource("44")

[node name="CollisionShape2" type="CollisionShape3D" parent="Trees/TreesWall50"]
transform = Transform3D(1, 0, 0, 0, 1, 0, 0, 0, 1, -1.61495, 3.11718, 5.94649)
shape = SubResource("44")

[node name="TreesWall51" type="StaticBody3D" parent="Trees"]
transform = Transform3D(0.209806, 0, -0.977743, 0, 1, 0, 0.977743, 0, 0.209806, 43.2021, 0, 23.7911)

[node name="trees1" parent="Trees/TreesWall51" instance=ExtResource("20")]
transform = Transform3D(2, 0, 0, 0, 2, 0, 0, 0, 2, -1.40967, 0.0500102, 4.23575)

[node name="tree1" parent="Trees/TreesWall51/trees1/RootNode/Null" index="0"]
transform = Transform3D(1, 0, 0, 0, 1, 0, 0, 0, 1, -0.178064, 0.0672159, 0.83353)

[node name="tree3" parent="Trees/TreesWall51/trees1/RootNode/Null" index="2"]
transform = Transform3D(0.518665, 0, -0.854977, 0, 1, 0, 0.854977, 0, 0.518665, -2.49112, -0.0300281, -0.706934)

[node name="CollisionShape3D" type="CollisionShape3D" parent="Trees/TreesWall51"]
transform = Transform3D(1, 0, 0, 0, 1, 0, 0, 0, 1, 3.70342, 3.11718, 3.66145)
shape = SubResource("44")

[node name="CollisionShape3" type="CollisionShape3D" parent="Trees/TreesWall51"]
transform = Transform3D(1, 0, 0, 0, 1, 0, 0, 0, 1, -6.52759, 3.11718, 2.92619)
shape = SubResource("44")

[node name="CollisionShape2" type="CollisionShape3D" parent="Trees/TreesWall51"]
transform = Transform3D(1, 0, 0, 0, 1, 0, 0, 0, 1, -1.61495, 3.11718, 5.94649)
shape = SubResource("44")

[node name="TreesWall52" type="StaticBody3D" parent="Trees"]
transform = Transform3D(0.209806, 0, -0.977743, 0, 1, 0, 0.977743, 0, 0.209806, 43.2021, 0, 36.7911)

[node name="trees1" parent="Trees/TreesWall52" instance=ExtResource("20")]
transform = Transform3D(2, 0, 0, 0, 2, 0, 0, 0, 2, -1.40967, 0.0500102, 4.23575)

[node name="tree1" parent="Trees/TreesWall52/trees1/RootNode/Null" index="0"]
transform = Transform3D(1, 0, 0, 0, 1, 0, 0, 0, 1, -0.178064, 0.0672159, 0.83353)

[node name="tree3" parent="Trees/TreesWall52/trees1/RootNode/Null" index="2"]
transform = Transform3D(0.518665, 0, -0.854977, 0, 1, 0, 0.854977, 0, 0.518665, -2.49112, -0.0300281, -0.706934)

[node name="CollisionShape3D" type="CollisionShape3D" parent="Trees/TreesWall52"]
transform = Transform3D(1, 0, 0, 0, 1, 0, 0, 0, 1, 3.70342, 3.11718, 3.66145)
shape = SubResource("44")

[node name="CollisionShape3" type="CollisionShape3D" parent="Trees/TreesWall52"]
transform = Transform3D(1, 0, 0, 0, 1, 0, 0, 0, 1, -6.52759, 3.11718, 2.92619)
shape = SubResource("44")

[node name="CollisionShape2" type="CollisionShape3D" parent="Trees/TreesWall52"]
transform = Transform3D(1, 0, 0, 0, 1, 0, 0, 0, 1, -1.61495, 3.11718, 5.94649)
shape = SubResource("44")

[node name="TreesWall53" type="StaticBody3D" parent="Trees"]
transform = Transform3D(0.209806, 0, -0.977743, 0, 1, 0, 0.977743, 0, 0.209806, 36.2021, 0, 36.7911)

[node name="trees1" parent="Trees/TreesWall53" instance=ExtResource("20")]
transform = Transform3D(2, 0, 0, 0, 2, 0, 0, 0, 2, -1.40967, 0.0500102, 4.23575)

[node name="tree1" parent="Trees/TreesWall53/trees1/RootNode/Null" index="0"]
transform = Transform3D(1, 0, 0, 0, 1, 0, 0, 0, 1, -0.178064, 0.0672159, 0.83353)

[node name="tree3" parent="Trees/TreesWall53/trees1/RootNode/Null" index="2"]
transform = Transform3D(0.518665, 0, -0.854977, 0, 1, 0, 0.854977, 0, 0.518665, -2.49112, -0.0300281, -0.706934)

[node name="CollisionShape3D" type="CollisionShape3D" parent="Trees/TreesWall53"]
transform = Transform3D(1, 0, 0, 0, 1, 0, 0, 0, 1, 3.70342, 3.11718, 3.66145)
shape = SubResource("44")

[node name="CollisionShape3" type="CollisionShape3D" parent="Trees/TreesWall53"]
transform = Transform3D(1, 0, 0, 0, 1, 0, 0, 0, 1, -6.52759, 3.11718, 2.92619)
shape = SubResource("44")

